Date	Spintronic synapses/neurons (MTJ-based)	Co-design of learning rules with device physics	Hybrid CMOS + spintronic integration	Low-power continual learning	Stochastic and probaility MTJ operation	Nonvolatile synaptic weight state engineering	Multilevel and analog-like MTJ synapse operation	Energy barrier and Anisotropy engineering	Switching mechanism engineering	Geometry and materials structure engineering	Endurance and reliability properties	Resistive Switching Physics	Hebbian/Spike-Timing-Dependent Plasticity (STDP)	Physical Reservoir Computing (PRC) 	Stochastic Computing (SC) (in low power)	Physics-Informed Neuromorphic Learning (PINL)	Stability-Plasticity	Hardware-Algorithm Synergy (in BCI data)	Stability-Plasticity Balancing	Synaptic-Plasticity Modelling (in Spiking Neural Network)	CMOS-spintronic circuit integration	CMOS-compatible fabrication process integration 	MRAM (or MTJ) array architecture 	MRAM (or MTJ) PIM (process-in-memory) architecture	Spintronic neuromorphic architecture	Parameter-Efficient Fine-Tuning (PEFT)	Dynamic Neural Architectures 	Knowledge Distillation (in AI/ML)	Feature Buffering (in AI/ML)	Dynamic Pruning (in AI/ML)	Stability-Plasticity theory (in neuroscience and AI)	Hyperdimensional Computing (HDC) (in energy efficiency) 	Developmental Principles (in AI and energy efficiency) 	Aux_GenAI_LLM_Volume	Aux_Pure_Material_Spintronics	Aux_Application_Demand_BCI_TinyML	Aux_Pure_Algorithmic_Plasticity
2004-10	0	0	0	0	0	0	0	0	0	0	0	0	0	0	0	0	0	0	0	0	0	0	4	0	0	0	0	0	0	0	0	0	0	0	0	0	0
2004-11	0	0	0	0	0	0	0	0	0	0	0	0	0	0	0	0	0	0	0	0	0	0.2	3.6	0	0	0	0	0	0	0	0	0	0	0	0	0	0
2004-12	0	0	0	0	0	0	0	0	0	0	0	0	0	0	0	0	0	0	0	0	0	0.216	3.268	0	0	0	0	0	0	0	0	0	0	0	0	0	0
2005-01	0	0	0	0	0	0	0	0	0	0	0	0	0	0	0	0	0	0	0	0	0	0.62608	3.02384	0	0	0	0	0	0	0	0	0.2	0	0	0	0	0
2005-02	0	0	0	0	0	0	0	0	0	0	0	0	0	0	0	0	0	0	0	0	0	0.6626304	2.5836192	0	0	0	0	0	0	0	0	0.216	0	0	0	0	0
2005-03	0	0	0	0	0	0	0	0	0	0	0	0	0	0	0	0	0	0	0	0	0.2	0.682273152	2.135748096	0	0	0	0	0	0	0	0	0.22608	0	0	0	0	0
2005-04	0	0	0	0	0	0	0	0	0	0	0	0	0	0	0	0	0	0	0	0	0.216	0.886306166	1.98994914	0	0	0	0	0	0	0	0	0.2306304	0	0	0	0	0
2005-05	0	0	0	0	0	0	0	0	0	0	0	0	0	0	0	0	0	0	0	0	0.22608	0.892209755	1.878931098	0	0	0	0	0	0	0	0	0.230113152	0	0	0	0	0
2005-06	0	0	0	0	0.1	0	0	0	0	0	0	0	0	0	0	0	0	0	0	0	0.2306304	0.87967879	1.601436237	0	0	0	0	0	0	0	0	0.225045366	0	0	0	0	0
2005-07	0	0	0	0	0.108	0	0	0	0	0	0	0	0	0	0	0	0	0	0	0	0.230113152	1.550807346	1.439662138	0	0	0	0	0	0	0	0	0.215983451	0	0	0	0	0
2005-08	0	0	0.1	0	0.11304	0	0	0	0	0	0	0	0	0	0	0	0	0	0	0	0.225045366	1.563806899	1.305272206	0	0	0	0	0	0	0	0	0.203508058	0	0	0	0	0
2005-09	0	0	0.108	0	0.1153152	0	0	0	0	0	0	0	0	0	0	0	0	0	0	0	0.215983451	1.544230359	0.998215823	0	0	0	0	0	0	0	0	0.188210044	0	0	0	0	0
2005-10	0	0	0.21304	0	0.115056576	0	0	0	0	0	0	0	0	0	0	0	0	0	0	0	0.203508058	1.495726866	1.001900762	0	0	0	0	0	0	0	0	0.17067763	0	0	0	0	0
2005-11	0	0	0.2233152	0	0.112522683	0	0	0	0	0	0	0	0	0	0	0	0	0	0	0	0.188210044	1.422159184	0.745179192	0	0	0	0	0	0	0	0	0.151484905	0	0	0	0	0
2005-12	0	0	0.228096576	0	0.107991725	0	0	0	0	0	0	0	0	0	0	0	0	0	0	0	0.17067763	1.427505088	0.499226195	0	0	0	0	0	0	0	0	0.131181754	0	0	0	0	0
2006-01	0.4	0	0.427837883	0	0.101754029	0	0	0	0	0	0	0	0	0	0	0	0	0	0	0	0.851484905	2.123766299	0.767883974	0	0	0	0	0	0	0	0	0.110285284	0	0	0	0	0
2006-02	0.432	0	0.539048301	0	0.094105022	0	0	0	0	0	0	0	0	0	0	0	0	0	0	0	0.887181754	2.067926063	0.594318295	0	0	0	0	0	0	0	0	0.089272755	0	0	0	0	0
2006-03	0.45216	0	0.648356712	0	0.085338815	0	0	0	0	0	0	0	0	0	0	0	0	0	0	0	0.901565284	1.976311329	0.526222818	0	0	0	0	0	0	0	0	0.068576023	0	0	0	0	0
2006-04	0.4612608	0	0.653767147	0	0.075742453	0	0	0	0	0	0	0	0	0	0	0	0	0	0	0	0.896479155	1.954331842	0.474412433	0	0	0	0	0	0	0	0	0.048577444	0	0	0	0	0
2006-05	0.460226304	0	0.645561196	0	0.065590877	0	0	0	0	0	0	0	0	0	0	0	0	0	0	0	0.873972055	1.815463667	0.338294838	0	0	0	0	0	0	0	0	0.029607175	0	0	0	0	0
2006-06	0.450090732	0	0.625264616	0	0.055142642	0	0	0	0	0	0	0	0	0	0	0	0	0	0	0	0.836236225	1.654173037	0.209023105	0	0	0	0	0	0	0	0	0.011941788	0	0	0	0	0
2006-07	0.431966902	0	0.594492402	0	0.044636377	0	0	0	0	0	0	0	0	0	0	0	0	0	0	0	0.785549252	1.475928008	0.088498083	0	0	0	0	0	0	0	0	-0.004195895	0	0	0	0	0
2006-08	0.407016117	0	0.554907561	0	0.034288012	0	0	0	0	0	0	0	0	0	0	0	0	0	0	0	0.724219993	1.285988922	-0.021744398	0	0	0	0	0	0	0	0	-0.018635892	0	0	0	0	0
2006-09	0.376420088	0	0.508183053	0	0.024288722	0	0	0	0	0	0	0	0	0	0	0	0	0	0	0	0.654539259	1.089323967	0.079472257	0	0	0	0	0	0	0	0	-0.031259172	0	0	0	0	0
2006-10	0.34135526	0	0.555967335	0	0.014803587	0	0	0	0	0	0	0	0	0	0	0	0	0	0	0	0.578735813	0.990539027	0.008977802	0	0	0	0	0	0	0	0	-0.04199494	0	0	0	0	0
2006-11	0.30296981	0	0.607853842	0	0.005970894	0	0	0	0	0	0	0	0	0	0	0	0	0	0	0	0.498937996	0.901821801	-0.054646764	0	0	0	0	0	0	0	0	-0.050817233	0	0	0	0	0
2006-12	0.262363509	0	0.562394621	0	-0.002097948	0	0	0	0	0	0	0	0	0	0	0	0	0	0	0	0.417141201	0.723939862	-0.110815938	0	0	0	0	0	0	0	0	-0.057740951	0	0	0	0	0
2007-01	0.220570568	0	0.51023343	0	-0.009317946	0	0	0	0	0	0	0	0	0	0	0	0	0	0	0	0.335181261	0.849367319	0.140848124	0	0	0	0	0	0	0	0	-0.062817479	0	0	0	0	0
2007-02	0.178545509	0	0.453083689	0	-0.015629586	0	0	0	0	0	0	0	0	0	0	0	0	0	0	0	0.25471369	0.705264684	0.124528817	0	0	0	0	0	0	0	0	-0.066130005	0	0	0	0	0
2007-03	0.137152046	0	0.392587249	0	-0.02099747	0	0	0	0	0	0	0	0	0	0	0	0	0	0	0	0.177198602	0.561467019	0.107350865	0	0	0	0	0	0	0	0	-0.067788677	0	0	0	0	0
2007-04	0.097154889	0	0.430288708	0	-0.025408616	0	0	0	0	0	0	0	0	0	0	0	0	0	0	0	0.103891051	0.42081978	0.08974369	0	0	0	0	0	0	0	0	-0.067925709	0	0	0	0	0
2007-05	0.059214349	0	0.375614247	0	-0.028870476	0	0	0	0	0	0	0	0	0	0	0	0	0	0	0	0.035836434	0.28582087	0.172102359	0	0	0	0	0	0	0	0	-0.066690524	0	0	0	0	0
2007-06	0.023883577	0	0.318894947	0	-0.03140874	0	0	0	0	0	0	0	0	0	0	0	0	0	0	0	-0.02612945	0.358605433	0.262783114	0	0	0	0	0	0	0	0	-0.064245047	0	0	0	0	0
2007-07	-0.00839179	0	0.261469678	0	-0.033065002	0	0	0	0	0	0	0	0	0	0	0	0	0	0	0	-0.081376157	0.356939431	0.259140132	0	0	0	0	0	0	0	0	-0.060759216	0	0	0	0	0
2007-08	-0.037271785	0	0.304557542	0	-0.033894339	0	0	0	0	0	0	0	0	0	0	0	0	0	0	0	-0.12947067	0.76830124	0.250678645	0	0	0	0	0	0	0	0	-0.056406784	0	0	0	0	0
2007-09	-0.062518344	0	0.357245469	0	-0.033962855	0	0	0	0	0	0	0	0	0	0	0	0	0	0	0	-0.170166318	1.223160844	0.238049734	0	0	0	0	0	0	0	0	-0.05136146	0	0	0	0	0
2007-10	-0.08398988	0	0.417519694	0	-0.033345262	0	0	0	0	0	0	0	0	0	0	0	0	0	0	0	-0.203389075	1.208071271	0.221922719	0	0	0	0	0	0	0	0	-0.045793439	0	0	0	0	0
2007-11	-0.101634465	0	0.583416103	0	-0.032122523	0	0	0	0	0	0	0	0	0	0	0	0	0	0	0	-0.229221774	1.170329229	0.602969951	0	0	0	0	0	0	0	0	-0.039866351	0	0	0	0	0
2007-12	-0.115481903	0	0.561054548	0	-0.030379608	0	0	0	0	0	0	0	0	0	0	0	0	0	0	0	-0.247886769	1.212954807	0.813853061	0	0	0	0	0	0	0	0	-0.033734645	0	0	0	0	0
2008-01	-0.125634958	0	0.529708059	0	-0.028203392	0	0	0	0	0	0	0	0	0	0	0	0	0	0	0	-0.259727528	1.447058732	0.827370799	0	0	0	0	0	0	0	0	-0.027541417	0	0	0	0	0
2008-02	-0.132260009	0	0.690902057	0	-0.02568073	0	0	0	0	0	0	0	0	0	0	0	0	0	0	0	-0.265189661	1.388811089	0.822989347	0	0	0	0	0	0	0	0	-0.021416683	0	0	0	0	0
2008-03	-0.135577355	0	0.662158614	0	-0.022896719	0	0	0	0	0	0	0	0	0.1	0	0	0	0	0	0	-0.264801788	1.308611988	0.802586253	0	0	0	0	0	0	0	0	-0.015476089	0	0	0	0	0
2008-04	-0.135851419	0	0.623046343	0	-0.019933176	0	0	0	0	0	0	0	0	0.108	0	0	0	0	0	0	-0.259156666	1.210260558	0.868171744	0	0	0	0	0	0	0	0	-0.009820032	0	0	0	0	0
2008-05	-0.133381048	0	1.375384372	0	-0.016867323	0	0	0	0	0	0	0	0	0.11304	0	0	0	0	0	0	-0.148892923	1.19753906	0.829835251	0	0	0	0	0	0	0	0	-0.004533181	0	0	0	0	0
2008-06	-0.128490093	0	1.384980911	0	-0.013770708	0	0	0	0	0	0	0	0	0.1153152	0	0	0	0	0	0	-0.126677695	1.08213893	0.778735702	0	0	0	0	0	0	0	0	0.000315649	0	0	0	0	0
2008-07	-0.121518432	0	1.365918178	0	-0.010708341	0	0	0	0	0	0	0	0	0.115056576	0	0	0	0	0	0	-0.104150437	0.956636035	0.717171394	0	0	0	0	0	0	0	0	0.004673283	0	0	0	0	0
2008-08	-0.112813568	0	1.421443354	0	-0.007738044	0	0	0	0	0	0	0	0	0.112522683	0	0	0	0	0	0	-0.081792896	1.124550709	0.747420088	0.6	0	0	0	0	0	0	0	0.008501688	0	0	0	0	0
2008-09	-0.10272292	0	1.362987146	0	-0.004910016	0	0	0	0	0	0	0	0	0.107991725	0	0	0	0	0	0	-0.060035251	1.113182901	0.779695512	0.648	0	0	0	0	0	0	0	0.011777218	0	0	0	0	0
2008-10	-0.091586878	0	1.783116816	0	-0.00226659	0	0	0	0	0	0	0	0	0.101754029	0	0	0	0	0	0	-0.039252665	1.000688215	0.713149483	0.67824	0	0	0	0	0	0	0	0.014489652	0	0	0	0	0
2008-11	-0.079732702	0	1.725571182	0	0.000157824	0	0	0	0	0	0	0	0	0.094105022	0	0	0	0	0.1	0	-0.019763285	0.879429234	1.038995067	0.6918912	0	0	0	0	0	0	0	0.016641049	0	0	0	0	0
2008-12	-0.06746929	0	1.639268688	0	0.002336641	0	0	0	0	0	0	0	0	0.085338815	0	0	0	0	0.108	0	-0.001827577	0.752707567	1.091476192	0.690339456	0	0	0	0	0	0	0	0.018244485	0	0	0	0	0
2009-01	-0.055082833	0	1.52881107	0	0.004250844	0	0	0	0	0	0	0	0	0.075742453	0	0	0	0	0.11304	0	0.014351112	0.623603915	1.23687968	0.675136097	0	0	0	0	0	0	0	0.019322688	0	0	0	0	0
2009-02	-0.042833366	0	1.398822992	0	0.005888609	0	0	0	0	0	0	0	0	0.065590877	0	0	0	0	0.1153152	0	0.02862491	0.694938549	1.183005225	0.847950352	0	0	0.3	0	0	0	0	0.019906617	0	0	0	0	0
2009-03	-0.030952178	0	1.253857263	0	0.007244826	0	0	0	0	0	0	0	0	0.055142642	0	0	0	0	0.115056576	0	0.040898829	0.58524095	1.110858112	0.826524175	0	0	0.324	0	0	0	0	0.02003402	0	0	0	0	0
2009-04	-0.019640065	0	1.29831096	0	0.008320524	0	0	0	0	0	0	0	0	0.044636377	0	0	0	0	0.112522683	0	0.55112738	0.574808291	1.123708548	1.490710132	0	0	0.33912	0	0	0	0	0.019748003	0	0	0	0	0
2009-05	-0.009066362	0	1.152353069	0	0.009122242	0	0	0	0	0	0	0	0	0.034288012	0	0	0	0	0.107991725	0	0.599310529	0.673922732	1.032799769	1.498663291	0	0	0.3459456	0	0	0	0	0.019095628	0	0	0	0	0
2009-06	0.000631298	0	0.997943906	0	0.009661344	0	0	0	0	0	0	0	0	0.024288722	0	0	0	0	0.101754029	0	0.630689152	0.789647275	0.930325873	1.475847867	0	0	0.545169728	0	0	0	0	0.018126577	0	0	0	0	0
2009-07	0.009346566	0	1.139016781	0	0.009953308	0	0	0	0	0	0	0	0	0.014803587	0	0	0	0	0.094105022	0	0.646316129	0.718006418	0.919492849	1.425797029	0	0	0.553568049	0	0	0	0	0.0168919	0	0	0	0	0
2009-08	0.017003376	0	1.703202032	0	0.01001701	0	0	0	0	0	0	0	0	0.005970894	0	0	0	0	0.085338815	0	1.147454087	0.739169518	0.81135327	1.352235334	0	0	0.550055176	0	0	0	0	0.015442853	0	0	0	0	0
2009-09	0.023554437	0	1.616904718	0	0.009874002	0	0	0	0	0	0	0	0	-0.002097948	0	0	0	0	0.075742453	0	1.875529166	0.863432918	0.697800584	1.258985102	0	0	0.535892488	0	0	0	0	0.013829853	0	0	0	0	0
2009-10	0.228979303	0	1.706899041	0	0.009547814	0	0	0	0	0	0	0	0	-0.009317946	0	0	0	0	0.065590877	0	1.933286155	0.798001319	0.581647155	1.149880191	0	0	0.812428218	0	0	0	0	0.012101556	0	0	0	0	0
2009-11	0.249282097	0	1.593755951	0	0.009063289	0	0	0	0	0	0	0	0	-0.015629586	0	0	0	0	0.055142642	0	1.946601722	0.923152854	0.465476125	1.028688168	0	0	0.805061811	0	0	0	0	0.010304058	0	0	0	0	0
2009-12	0.26256897	0	1.460052051	0	0.00844595	0	0	0	0	0	0	0	0	-0.02099747	0	0	0	0	0.044636377	0	1.919653697	0.957326178	0.551612676	0.899041583	0	0	0.782330809	0	0	0	0	0.008480229	0	0	0	0	0
2010-01	0.469275775	0	1.3105175	0	0.007721426	0	0	0.2	0	0	0	0	0	-0.025408616	0	0	0	0	0.034288012	0	2.357007401	1.188935647	0.558103319	0.764378825	0	0	0.74622629	0	0	0	0	0.006669178	0	0	0	0	0
2010-02	0.885926385	0	1.149726054	0	0.006914927	0	0	0.216	0	0	0	0	0	-0.028870476	0	0	0	0	0.024288722	0	2.303485587	1.133605455	0.47278283	0.627894766	0	0	0.698807698	0	0	0	0	0.004905848	0	0	0	0	0
2010-03	0.923193406	0	1.482019231	0	0.006050778	0	0	0.22608	0	0	0	0	0	-0.03140874	0	0	0	0	0.014803587	0	2.409246242	1.061136174	0.386538734	0.892501218	0	0	0.642154811	0	0	0	0	0.003220734	0	0	0	0	0
2010-04	0.938269857	0	1.351442706	0	0.005152029	0	0	0.2306304	0	0	0	0	0	-0.033065002	0	0	0	0	0.005970894	0	2.296245907	0.974691097	0.301188273	0.792797001	0	0	0.578324116	0	0	0	0	0.001639718	0	0	0	0	0
2010-05	0.933073265	0	1.50689498	0	0.104240114	0	0	0.230113152	0	0	0	0	0	-0.033894339	0	0	0	0	-0.002097948	0	2.448620687	1.277396706	0.418349093	0.687207265	0	0	0.509310009	0	0	0	0	0.000184008	0	0	0	0	0
2010-06	1.109734868	0	1.476664126	0	0.111334589	0	0	0.425045366	0	0	0	0	0	-0.033962855	0	0	0	0	-0.009317946	0	2.496785576	1.50428382	0.355426849	0.578432357	0	0	0.437011112	0	0	0	0	-0.001129811	0	0	0	0	0
2010-07	1.086535613	0	1.339923076	0	0.115492924	0	0	0.431983451	0	0	0	0	0	-0.033345262	0	0	0	0	-0.015629586	0	2.330198264	1.438396546	0.291688292	0.468966293	0	0	0.363201882	0	0	0	0	-0.002289651	0	0	0	0	0
2010-08	1.043925571	0	1.190057668	0	0.116925567	0	0	0.429588058	0	0	0	0	0	-0.032122523	0	0	0	0	-0.02099747	0	2.133665718	1.650330069	0.328489825	0.36106751	0	0	0.389509538	0	0	0	0	-0.003287715	0	0	0	0	0
2010-09	0.984698022	0	1.131377649	0	0.115876435	0	0	0.418840444	0	0	0	0	0	-0.030379608	0	0	0	0	-0.025408616	0	1.914113112	1.568063638	0.275041408	0.256737255	0	0	0.325396238	0	0	0	0	-0.004120218	0	0	0	0	0
2010-10	1.011699267	0	0.975938078	0	0.212614687	0	0	0.400790782	0	0	0	0	0	-0.028203392	0	0	0	0	-0.028870476	0	2.078233505	1.662662577	0.221437005	0.15770528	0	0	0.261186342	0	0	0	0	-0.004787066	0	0	0	0	0
2010-11	0.935766402	0	0.816523703	0	0.21542682	0	0	0.376530271	0	0	0	0	0	-0.02568073	0	0	0	0	-0.03140874	0	1.864377188	1.554548371	0.168764302	0.065422397	0	0	0.19817371	0	0	0	0	-0.005291488	0	0	0	0	0
2010-12	0.848711496	0	1.056720291	0	0.213649203	0	0	0.447165205	0	0	0	0	0	-0.022896719	0	0	0	0	-0.033065002	0	1.634618959	1.726154618	0.217983583	0.181059354	0	0	0.137498867	0	0	0	0	-0.005639639	0	0	0	0	0
2011-01	0.853387851	0	1.131762815	0	0.207776364	0	0	0.621793342	0	0	0	0	0	-0.019933176	0	0	0	0	-0.033894339	0	1.795144174	1.706077148	0.177921264	0.121511429	0	0	0.08014153	0	0	0	0	-0.005840181	0	0	0	0	0
2011-02	0.760528813	0	1.01666583	0	0.198335282	0	0	0.606522799	0	0	0	0	0	-0.016867323	0	0	0	0	-0.033962855	0	1.583713984	1.573885882	0.138306752	0.065488067	0	0	0.026917097	0	0	0	0	-0.005903865	0	0	0	0	0
2011-03	0.661745103	0	0.892745226	0.5	0.185871602	0	0	0.580648853	0	0	0	0	0	-0.013770708	0	0	0	0	-0.033345262	0	1.461752533	1.423436025	0.299887557	0.013757281	0	0	-0.021523235	0	0	0	0	-0.005843104	0	0	0	0	0
2011-04	0.559604861	0	0.763361779	0.54	0.170936858	0	0	0.545749325	0	0	0	0	0	-0.010708341	0	0	0	0	-0.032122523	0	1.242752177	1.459562433	0.479312529	-0.033075573	0	0	-0.064689069	0	0	0	0	-0.005671557	0	0	0	0	0
2011-05	0.456486547	0	0.731649441	0.5652	0.154076852	0	0	0.603424764	0	0	0	0	0	-0.007738044	0	0	0	0	-0.030379608	0	1.620796813	1.402884952	0.571208754	0.22543637	0	0	-0.102244539	0	0	0	0	-0.005403733	0	0	0	0	0
2011-06	0.354550333	0	0.808475348	0.576576	0.135821309	0	0	0.563264163	0	0	0	0	0	-0.004910016	0	0	0	0	-0.028203392	0	2.048621049	1.34381752	0.862491181	0.213588392	0	0	-0.13399957	0	0	0	0	-0.005054617	0	0	0	0	0
2011-07	0.255716733	0	0.701449157	0.67528288	0.116674894	0	0	0.515854339	0	0	0	0	0	-0.00226659	0	0	0	0	-0.02568073	0	1.91269044	1.28378048	0.867395542	0.198653443	0	0	-0.159899107	0	0	0	0	-0.004639321	0	0	0	0	0
2011-08	0.16165216	0	0.691096602	0.670613414	0.097109623	0	0	0.462868411	0	0	0	0	0	0.000157824	0	0	0	0	-0.022896719	0	2.152099083	1.424071535	0.954461556	0.181238921	0	0	-0.180010709	0	0	0	0	-0.004172767	0	0	0	0	0
2011-09	0.073761	0	0.58795737	0.652998627	0.077558686	0	0	0.405923708	0	0	0	0	0	0.002336641	0	0	0	0	-0.019933176	0	2.004524881	1.381852054	1.233731738	0.161941072	0	0	-0.194510935	0	0	0	0	-0.003669414	0	0	0	0	0
2011-10	-0.006816264	0	0.483372915	0.624085346	0.058411669	0	0	0.346555	0	0	0	0	0	0.004250844	0	0	0	0	-0.016867323	0	1.931617601	1.33621748	1.520400266	0.141334187	0	0	-0.103670921	0	0	0	0	-0.003143007	0	0	0	0	0
2011-11	-0.079199476	0	0.379579446	0.785581686	0.040011121	0	0	0.286192063	0	0	0.1	0	0	0.005888609	0	0	0	0	-0.013770708	0	2.047368697	1.188422013	1.507993936	0.119961306	0	0	-0.099841489	0	0	0	0	-0.002606382	0	0	0	0.1	0
2011-12	-0.142760378	0	0.278573736	0.755216758	0.022650405	0	0	0.226141579	0	0	0.108	0	0	0.007244826	0	0	0	0	-0.010708341	0	1.870597309	1.331637653	1.466668361	0.098326488	0	0	-0.094398171	0	0	0	0	-0.002071291	0	10.3	47.9	169.708	22
2012-01	0.502890019	0	0.382097122	0.812783988	0.006572753	0	0	0.167573312	0.1	0.2	0.11304	0.3	0.2	0.108320524	0	0.2	0	0	-0.007738044	0	1.874091114	1.393898976	1.600141976	0.076888621	0.1	0	-0.087611222	0	0	0	0	-0.001548283	0	11.424	54.532	190.08104	24.16
2012-02	0.613917575	0	0.507626226	1.368338815	0.19197141	0	0	0.211510405	0.208	0.216	0.1153152	0.324	0.216	0.117122242	0	0.216	0	0	-0.004910016	0	1.679753717	1.562056187	1.52826539	0.556056769	0.108	0	-0.079750742	0	0	0	0	-0.00104661	0	12.26712	60.57016	210.5751552	26.8008
2012-03	0.721564024	0	0.450449896	1.360971384	0.294990774	0	0	0.26682358	0.22104	0.22608	0.115056576	0.33912	0.22608	0.122701344	0	0.22608	0	0	-0.00226659	0	2.371254984	1.642156554	1.933011155	0.576186967	0.11304	0	-0.071081296	0	0	0	0	-0.000574173	0	13.8405856	67.9731008	241.7883558	30.541504
2012-04	0.724014548	0	0.389982201	1.327121267	0.601808386	0	0	0.231268967	0.2283552	0.2306304	0.112522683	0.3459456	0.2306304	0.125268508	0	0.2306304	0	0	0.000157824	0	2.226181026	1.521403752	1.85862212	0.582780405	0.1153152	0	-0.061857169	0	0	0	0	-0.000137496	0	15.43989293	72.2562855	256.8644692	34.01730752
2012-05	1.111739728	0	0.827761632	1.870113737	0.625908069	0	0	0.194644435	0.230371776	0.230113152	0.107991725	0.345169728	0.230113152	0.125073586	0	0.230113152	0	0	0.002336641	0	2.051090842	1.582298156	2.154499546	0.577058892	0.115056576	0	-0.052318311	0	0	0	0	0.000258264	0	16.77047166	77.80602603	275.3356819	35.90518454
2012-06	2.418457596	0	1.105207886	2.341404685	0.635079622	0	0	0.157789468	0.227579259	0.225045366	0.101754029	0.337568049	0.225045366	0.122396684	0	0.425045366	0	0	0.004250844	0	1.85248786	1.545457156	2.357699239	1.260368352	0.112522683	0	-0.042686972	0	0	0	0	0.000609282	0	16.51258309	77.26467198	271.0930596	35.38617016
2012-07	2.506134525	0	1.292805358	2.718738445	0.630632428	0	0	0.121464209	0.220514408	0.215983451	0.094105022	0.323975176	0.215983451	0.117539539	0	0.431983451	0	0	0.005888609	0	1.636695419	1.401391113	2.353424977	1.290139499	0.107991725	0	-0.033165028	0	0	0	0	0.000913013	0	19.05023172	96.01215989	321.2128384	39.53133382
2012-08	2.534921071	0	1.275786975	2.78396406	0.614017304	0	0	0.086342191	0.209745755	0.203508058	0.085338815	0.305262088	0.203508058	0.110817318	0	0.429588058	0	0	0.007244826	0	1.409748314	1.543703852	2.222509643	1.291130741	0.101754029	0	-0.023931978	0	0	0	0	0.10116811	0	19.47311085	99.26465582	339.6963826	41.15135444
2012-09	2.510130541	0	1.334954691	2.706987832	0.586783347	0	0	0.053005531	0.195859051	0.188210044	0.075742453	0.282315066	0.188210044	0.102550972	0	0.418840444	0	0	0.008320524	0	1.177300953	1.50091124	2.060235648	1.266200245	0.094105022	0	-0.015143593	0	0	0	0	0.109374335	0	19.66423985	102.806609	352.9976447	42.28634591
2012-10	2.537616453	0	1.481506542	2.58356947	0.550537118	0	0	0.021942426	0.179443837	0.17067763	0.065590877	0.256016445	0.17067763	0.093060241	0	0.400790782	0	0	0.009122242	0	0.944552309	1.452379665	1.872984341	1.218438793	0.085338815	0	-0.006931175	0	0	0	0	0.114572452	0	19.74297115	106.9382348	366.9488277	44.94211131
2012-11	2.431601444	0	1.423773076	2.420821555	0.50690477	0	0	-0.006453216	0.161081268	0.151484905	0.055142642	0.227227358	0.151484905	0.082657379	0	0.376530271	0	0	0.009661344	0	1.716187484	1.299653653	2.066998477	1.15108471	0.075742453	0	0.000598625	0	0	0	0	0.116959307	0	19.9389699	105.9379332	379.1859158	45.39345794
2012-12	2.287555908	0	1.343337496	2.225932001	0.457497562	0	0	-0.03188023	0.14133333	0.131181754	0.044636377	0.196772632	0.131181754	0.071641655	0	0.347165205	0	0	0.009953308	0	1.576335391	1.13620717	1.98027123	1.067444341	0.065590877	0	0.007363472	0	0	0	0	0.116768291	0	20.29658937	105.0789031	392.7555768	45.65180076
2013-01	2.212163807	0	1.544078724	2.206012762	0.503881123	0	0	0.045873061	0.120733519	0.110285284	0.234288012	0.165427926	0.110285284	0.060294671	0	0.313793342	0	0	0.01001701	0	1.418941799	1.166381192	1.982611283	1.170819123	0.155142642	0	0.013304565	0	0	0	0	0.114261011	0	19.95251511	100.624198	383.5531602	43.07127327
2013-02	2.02006764	0	1.853864254	1.983965191	0.455548705	0	0	0.034933563	0.099779019	0.089272755	0.240288722	0.133909132	0.089272755	0.048876492	0	0.277482799	0	0	0.009874002	0	1.248908731	1.210210188	1.785065106	1.480440044	0.152636377	0	0.018385458	0	0	0	0	0.109719238	0	19.16379798	96.58247946	373.239922	40.48737307
2013-03	1.806779737	0	1.975593947	1.944443074	0.402938555	0	0	0.024389343	0.078924389	0.068576023	0.240883587	0.102864035	0.068576023	0.0376226	0	0.239253653	0	0	0.009547814	0	1.070900795	1.16545208	1.671572243	2.009490072	0.147328012	0	0.022590552	0	0	0	0	0.103437258	0	18.03067659	91.67328316	365.0932092	38.15211543
2013-04	1.57868503	0	1.985638791	1.709984307	0.347530649	0	0	0.014411758	0.058576734	0.048577444	0.236601294	0.072866167	0.048577444	0.026741646	0	0.200062349	0	0	0.009063289	0	0.889275637	1.021860742	1.555997223	1.965445295	0.139603922	0	0.025923326	0	0	0	0	0.095714731	0	18.27025382	87.94154083	363.5993035	36.60734124
2013-05	1.341826092	0	2.374966375	2.264771731	0.290712921	0	0	0.005143697	0.039092309	0.029607175	0.228015204	0.044410762	0.029607175	0.016413955	0	0.160788929	0	0	0.00844595	0	0.708027482	1.272191322	2.040859759	2.586496091	0.129860163	0	0.028404356	0	0	0	0	0.386850162	0	17.94046824	85.28414191	358.5628023	35.10489765
2013-06	1.101816527	0	3.177861873	2.078784977	0.233762707	0	0	-0.003300432	0.020774481	0.011941788	0.21572742	0.017912682	0.011941788	0.006790753	0	0.122227072	0	0	0.007721426	0	0.930743592	1.152045018	1.876418847	3.033711885	0.118493577	0	0.030069195	0	0	0	0	0.401135046	0	16.58485186	81.90680005	357.6186952	33.89060046
2013-07	1.163771587	0	3.316910584	1.9698212	0.17783226	0	0	-0.01083414	0.003872947	-0.004195895	0.200353865	-0.006293843	-0.004195895	-0.002005944	0	0.085076859	0	0	0.006914927	0	0.89257322	1.320872444	1.79089365	3.175531862	0.105893778	0	0.030966167	0	0	0	0	0.405968742	0	16.63310008	78.80905637	354.1966249	33.71992099
2013-08	1.15625571	0	3.515716212	2.352357376	0.223938213	0	0.3	0.382602206	0.388584106	0.081364108	0.382510588	-0.027953838	-0.018635892	-0.009882852	0	0.049940131	0	0	0.006050778	0	0.960368421	1.506399679	1.598103099	3.079659204	0.092436083	0	0.031154118	0	0	0	0	0.402199692	0	15.74386148	78.68490594	352.4928291	32.29191104
2013-09	0.966366306	0	3.484326953	2.369592787	0.180954806	0	0.324	0.409042873	0.407052468	0.076740828	0.378801428	-0.046888758	-0.031259172	-0.016774412	0	0.017318272	0	0	0.005152029	0	0.842176733	1.903246196	1.592629541	2.931780628	0.078475436	0	0.030700192	0	0	0	0	0.390763554	0	15.6286695	75.51947243	343.6095563	31.58086386
2013-10	1.176138517	0	3.806390081	2.577712801	0.138650644	0	0.33912	0.424658616	0.415532944	0.07104506	0.367887154	-0.06299241	-0.04199494	-0.022641328	0	-0.012387766	0	0	0.004240114	0	0.718960679	1.822343138	1.795850748	2.740054296	0.064341345	0	0.029677655	0	0	0	0	0.472655759	0	15.97242334	78.60019282	358.4424197	34.26930413
2013-11	1.021410736	0	3.920119094	2.793466558	0.097803885	0	0.3459456	0.430219613	0.414854714	0.064497967	0.450706566	-0.076225849	-0.050817233	-0.027468725	0	-0.038875444	0	0	0.003334589	0	0.593687017	1.713083523	1.622832819	2.512699512	0.050333836	0	0.028163818	0	0	0	0	0.456905628	0	16.80235332	78.28083731	373.1031483	33.42351429
2013-12	1.361727519	0	4.304072824	3.011775608	0.159085724	0.1	0.545169728	0.426620117	0.405947212	0.057315625	0.436229904	-0.086611427	0.042259049	-0.031264009	0	-0.061936847	0	0	0.002452924	0	0.469066981	1.680488199	1.534660027	2.957826217	0.236720402	0	0.026238089	0	0	0	0	0.433592397	0	16.63324324	77.30780061	374.9757411	33.03383314
2014-01	1.340778072	0	5.183549725	3.32801824	0.131057665	0.108	0.753568049	0.514848169	0.489811516	0.049705204	1.114476311	-0.094226219	0.045182521	-0.034054484	0	-0.081453371	0	0	0.001610367	0	1.247527609	1.937542644	2.144611314	3.439283726	0.339733902	0	0.22398017	0	0	0	0	0.503938642	0	15.6483793	70.40591157	352.4615598	30.06244345
2014-02	1.715108009	0	4.991407941	3.146076245	0.103211259	0.11304	0.766055176	0.603956452	0.47549316	0.041861721	1.142608551	-0.099195007	0.046909995	-0.035884822	0	-0.097389176	0	0	0.000819859	0	1.303191622	1.810140791	2.010675245	3.24380981	0.345651375	0	0.23746844	0	0	0	0	0.477171489	0	15.18903417	68.1060932	344.0895654	28.20694385
2014-03	1.617702793	0	4.818652177	2.919406924	0.076085268	0.1153152	0.761972488	0.592074778	0.453096776	0.033965352	1.145075396	-0.101683016	0.047526523	-0.036814429	0	0.090216383	0	0	9.20E-05	0	1.347225401	1.759276307	1.949919279	3.003007089	0.344064073	0	0.244858515	0	0	0	0	0.443537622	0	14.53184287	62.4941348	319.4329792	26.65285534
2014-04	1.597684042	0	4.786798946	2.957016397	0.05015017	0.115056576	0.743058618	0.569539775	0.423878095	0.026179313	1.124394048	-0.101888564	0.047130867	-0.036914787	0	0.097257058	0	0	-0.000564905	0	1.779911294	2.098312746	1.876240524	2.926224499	0.33575422	0	0.246612411	0	0	0	0	0.404396389	0	14.26973384	62.51348955	315.733392	25.86111858
2014-05	1.467713485	0	4.722395058	2.991724595	0.025805579	0.112522683	0.711174963	0.537867478	0.38910372	0.018648291	1.083292954	-0.100035786	0.045832159	-0.036266814	0	0.101648525	0	0	-0.001144826	0	1.733730372	2.161479286	1.792404833	2.838595678	0.321560267	0	0.24325867	0	0	0	0	0.361081352	0	14.74844104	64.24063903	322.6490957	25.81133311
2014-06	2.221385714	0	5.129983659	3.523127481	0.003379336	0.107991725	0.668256174	0.79860506	0.550024708	0.111497406	1.424636111	-0.09636757	0.043746679	-0.034958302	0.2	0.203567874	0	0	-0.001643858	0	1.657492935	2.415099586	1.901104615	2.942957825	0.302354505	0	0.23537513	0	0	0	0	0.414876191	0	14.8243087	62.41026078	327.8002471	25.75029954
2014-07	2.135263006	0.1	5.654213726	4.290927529	-0.01687187	0.201754029	0.616264141	0.777296784	0.623853103	0.112831661	1.483352229	-0.091138824	0.040994813	-0.033081475	0.216	0.211223931	0	0	-0.002060109	0	1.555729383	2.675055865	1.920912327	3.258024601	0.279022228	0	0.22357244	0	0	0	0	0.374994023	0	14.53610342	68.69471515	339.8602784	27.74036333
2014-08	3.715047309	0.108	5.992936512	4.696129021	-0.034760518	0.202105022	0.557146028	0.742573399	0.597821597	0.111775858	1.426529692	-0.084610176	0.037698238	-0.030730701	0.22608	0.213889904	0	0	-0.002393533	0	1.433027598	2.635515398	1.940321021	2.996424207	0.252442735	0	0.208478571	0	0	0	0	0.331600191	0	14.84599659	71.95682977	346.857101	28.81661347
2014-09	3.702552235	0.11304	5.617928289	4.486887784	-0.05016509	0.198378815	0.492796806	0.696470884	0.562436809	0.108590117	1.346858814	-0.07704219	0.033977355	-0.02800039	0.2306304	0.212011482	0	0	-0.002645744	0	1.49393544	2.96721867	1.758982425	2.701055369	0.223472336	0	0.190724518	0	0	0	0	0.285913738	0	14.00798052	70.77359633	327.9770994	28.30890633
2014-10	3.817255624	0.1153152	5.368062323	4.408832915	-0.063025904	0.191057653	0.42502657	0.641049204	0.519341764	0.103551149	1.248217847	-0.068690158	0.029949014	-0.024983103	0.230113152	0.206080672	0	0	-0.002819819	0	1.358873789	3.006407242	1.66059804	3.281202307	0.192929531	0	0.170931379	0	0	0	0	0.439077656	0	12.91360645	67.47321431	311.0255559	26.64579178
2014-11	3.984143562	0.115056576	4.875821706	4.090406874	-0.073340118	0.180647453	0.355532826	0.578348707	0.470169388	0.096945054	1.134476621	-0.059799527	0.025724526	-0.021767882	0.225045366	0.196621329	0	0	-0.00292009	0	1.410140827	3.221548811	1.458840133	3.017710505	0.161582415	0	0.149698927	0	0.1	0	0	0.408143629	0	13.37039765	68.35340621	315.0086556	26.15607285
2014-12	3.814659834	0.112522683	5.135288718	3.9220153	0.018843891	0.167665325	0.2858778	0.510351286	0.416510862	0.089060668	1.109419984	-0.050601968	0.021407997	-0.018438826	0.215983451	0.184175495	0	0	-0.002951933	0	1.468078345	3.530745247	1.648081214	3.220213673	0.130138363	0	0.127595742	0	0.108	0	0	0.372140132	0	13.83410178	75.3785108	313.8332723	26.89220435
2015-01	4.285831283	0.107991725	6.326103253	3.932022578	0.021432622	0.152628103	0.317470721	0.538946581	0.359887971	0.080183507	0.984680612	-0.041312125	0.017094961	-0.015073899	0.203508058	0.169290733	0	0	-0.002921552	0	1.430860544	3.738407135	1.865436562	3.638062251	0.199235949	0	0.10515096	0	0.11304	0	0	0.332294182	0	12.57475346	71.6935347	289.3587618	25.05687862
2015-02	4.364168961	0.101754029	6.011314271	3.542388676	0.023333827	0.236042041	0.259554935	0.473903415	0.40172961	0.070590392	0.852721564	-0.032125024	0.012871329	-0.011743987	0.188210044	0.152508634	0	0	-0.002835778	0	1.788747313	3.730534691	2.103747645	3.381364726	0.177439057	0	0.082847637	0	0.1153152	0	0	0.289786943	0	12.62984491	71.18318553	278.6445272	24.60394788
2015-03	5.107389492	0.094105022	5.627777901	3.22087039	0.024578236	0.226393744	0.202239629	0.705886498	0.551352493	0.06054478	0.71690399	-0.023214133	0.008812633	-0.008512186	0.47067763	0.134354571	0	0	-0.002701867	0	1.675070458	3.788838798	2.056152666	3.08270966	0.154273073	0	0.061117693	0	0.115056576	0	0.1	0.34573469	0	12.14683031	72.58020756	271.8688255	23.40423127
2015-04	5.37414018	0.085338815	5.09003961	2.887086526	0.025206638	0.213182402	0.146611061	0.660553542	0.514986038	0.050292834	0.680330094	-0.014730049	0.004983555	-0.005433321	0.475484905	0.115328824	0	0	-0.002527309	0	1.639259879	3.525535718	2.292194132	2.752265906	0.130338226	0	0.040338391	0	0.112522683	0	0.108	0.309172968	0	12.06918056	72.96592324	271.4733174	22.69640168
2015-05	6.806732996	0.375742453	5.304274356	3.148939317	0.225268068	0.497028547	0.193613129	0.706542811	0.771956507	0.040060226	0.553806985	0.093200229	0.001437713	-0.002553677	0.770301754	0.095899074	0	0	-0.00231966	0.1	1.494245161	4.518052232	3.338787568	3.19982121	0.306190099	0	0.02083025	0	0.107991725	0	0.11304	0.370083959	0	12.23791218	74.71374888	265.0278938	22.64542703
2015-06	7.89993187	0.389590877	6.25100014	4.761628043	0.240817993	0.502549506	0.152042727	0.653802297	0.9477908	0.030049675	0.628860048	0.108473473	-0.001782299	8.91E-05	1.080230884	0.076494319	0	0	-0.002086384	0.108	1.833847012	4.98095605	3.65394591	3.098624559	0.298332983	0	0.002856319	0	0.201754029	0	0.1153152	0.637502171	0	12.16501239	74.43251698	264.2864547	22.4066413
2015-07	8.985812219	0.494262642	6.678033343	5.017815336	0.249996566	0.497467379	0.111588511	0.593259788	0.927085847	0.120439185	0.523830603	0.120049924	0.095355337	0.002465773	1.097562483	0.057500152	0	0	-0.001834707	0.11304	1.802811737	5.637950365	3.944509499	3.085575082	0.385294919	0	-0.013377346	0	0.302105022	0	0.115056576	0.725428519	0	11.71610234	76.51075794	261.9134304	21.74360131
2015-08	9.04338829	0.498581977	6.608802559	5.548027592	0.253257351	0.482944117	0.072947946	0.526906335	0.889909672	0.11938096	0.418827491	0.128067732	0.100872102	0.004555485	1.091209672	0.039255399	0	0	-0.001571504	0.1153152	1.658823755	5.696486241	4.30712654	3.072119051	0.375854763	0	-0.027720097	0	0.306378815	0	0.112522683	0.810053662	0	11.55776124	78.77095963	268.2794399	24.9119933
2015-09	8.674338987	0.49249774	6.094318802	5.374258071	0.251126909	0.460214299	0.036712479	0.5566501	0.838652922	0.116040938	0.31594814	0.132722404	0.103819748	0.006345116	1.063667949	0.022050013	0	0	-0.001303191	0.115056576	2.296058096	5.795238805	4.347339345	2.758566243	0.359841527	0	-0.040074171	0	0.304097653	0	0.107991725	0.790015217	0	12.12409903	81.46972197	281.7832597	26.32530622
2015-10	8.268707835	0.477171971	6.309397044	5.230380341	0.444186974	0.430553176	0.003366309	0.492286486	0.775748788	0.1107141	0.217037761	0.13425716	0.104396235	0.007828881	1.017607039	0.006124166	0	0	-0.001035645	0.112522683	2.183647841	5.548211336	4.336584083	2.72119739	0.338232785	0	-0.050391354	0	0.295962653	0	0.101754029	0.756180313	0	12.17132106	97.88921363	293.6010323	28.61078173
2015-11	7.658265641	0.45383534	6.336779522	5.536282777	0.449057293	0.395247103	-0.02671257	0.424513505	0.703620092	0.103705664	0.123677666	0.132953298	0.102827149	0.109007692	0.955800079	-0.00833158	0	0	-0.000774142	0.107991725	2.238805654	5.234922387	4.180172666	2.493141475	0.31202026	0	-0.058668992	0	0.282721901	0	0.094105022	0.710605292	0	13.13039446	106.8689719	309.825007	30.69549405
2015-12	7.055702354	0.423755665	5.754688161	5.640869314	0.444459434	0.355566695	-0.05324931	0.555027551	0.624631863	0.095323958	0.037180026	0.129120756	0.099358428	0.117888468	0.881057814	-0.02117512	0	0	-0.000523305	0.101754029	2.183671574	4.868263886	4.275798937	2.158028321	0.282188584	0	-0.064945487	0	0.265150786	0	0.085338815	0.655375668	0	13.27095263	108.0733748	306.0100841	31.79782526
2016-01	7.492281348	0.388208844	5.215712174	5.52217981	0.431432172	0.312742993	-0.07606739	0.501389641	0.64104982	0.185873944	-0.04141145	0.123089053	0.094249411	0.123523397	0.796168619	-0.032310803	0	0	-0.000287086	0.094105022	3.31037747	5.360905957	4.056346602	1.813265917	0.249696303	0	-0.069295422	0	0.244033766	0	0.075742453	0.592561493	0	13.09203594	106.51587	296.5764518	30.99396684
2016-02	7.575356816	0.348452528	4.546319541	5.364915661	0.411078993	0.267946802	0.204917686	0.44308773	0.763004985	0.183651452	-0.11131555	0.11519874	0.087766307	0.226124366	0.703844971	0.058313298	0	0	-6.87E-05	0.085338815	3.218205226	4.897065702	3.697712569	1.466714435	0.315459324	0	-0.071824455	0	0.220147773	0	0.065590877	0.524177505	0	13.06917019	105.7237982	294.8146536	30.63061493
2016-03	7.058617601	0.305702794	3.952939781	5.076079614	0.384539552	0.222271294	0.213705901	0.381754255	0.697504534	0.17797818	-0.172002929	0.105793483	0.080176187	0.23394275	0.606676789	0.058708723	0	0	0.000129132	0.075742453	3.070886103	4.681668158	3.300987687	1.125483812	0.288336856	0	-0.072664096	0	0.194247424	0	0.055142642	0.552148366	0	13.62720762	109.8764577	310.4127423	31.21098591
2016-04	6.292379956	0.261113977	3.559839201	4.954605579	0.352963265	0.176717911	0.217341176	0.418919043	0.624604037	0.169312672	0.076818489	0.095212882	0.071741556	0.336300441	0.507091889	0.057890431	0	0	0.000304641	0.065590877	2.87688117	4.554177005	3.27791554	0.795866575	0.258159898	0	-0.07196649	0	0.167052162	0	0.044636377	0.486279174	0	14.11689715	111.6163221	319.4627672	30.44910007
2016-05	9.676918476	0.215761762	4.294851896	5.326186836	0.31748534	0.232185508	0.316266101	0.363988971	0.84650151	0.258127461	0.059221395	0.083786083	0.062715557	0.341696354	0.407323641	0.155996159	0	0	0.000456506	0.055142642	2.844739107	4.728351428	3.271592297	0.483293731	0.625837438	0	-0.069899316	0	0.139235382	0	0.034288012	0.417271318	0	13.91527979	112.1898736	334.6985343	30.23442082
2016-06	9.269464774	0.170629533	4.350466283	5.234086231	0.579205501	0.197462635	0.31897321	0.307272127	0.789279204	0.252898222	0.042199583	0.071826243	0.053337846	0.339718748	0.309385745	0.161171392	0	0	0.000584055	0.044636377	2.598916468	4.43054138	2.880469532	0.192312296	0.624230476	0	-0.066640872	0	0.111415573	0	0.024288722	0.34681882	0	15.45551856	115.2422724	349.416754	30.85652107
2016-07	10.93736715	0.326597937	4.433509905	5.526513961	0.963169536	0.262262797	0.315030145	0.250081525	1.221993545	0.243133943	0.12603596	0.259625862	0.24383115	0.331144528	0.215053924	0.162605673	0	0	0.000687168	0.034288012	2.325697763	3.913901509	2.670849653	0.626582759	1.5102996	0	-0.062375456	0	0.084149433	0	0.014803587	0.276475196	0	16.99262309	118.744586	373.2948166	32.39928088
2016-08	11.07973194	0.300437542	4.939578967	5.539168639	0.969473777	0.335337687	0.605180783	0.293608352	1.386996582	0.329483412	0.118967981	0.263453001	0.2503985	0.31680484	0.125854206	0.160644413	0	0	0.000766226	0.024288722	2.233286974	3.570647595	2.468774769	0.74489452	1.557555819	0	-0.057289072	0	0.057926919	0	0.005970894	0.207636431	0	16.9761647	118.6017764	377.0791767	33.01977909
2016-09	11.52626561	0.270884435	5.196249544	5.339774477	1.255758118	0.314398334	0.914212742	0.24691033	1.647759383	0.320608267	0.110227439	0.261628367	0.351301145	0.297563023	0.043057376	0.155666391	0	0	0.000822054	0.014803587	2.245451524	3.13030612	2.077531878	1.296477215	1.568935301	0	-0.051565545	0	0.033168117	0	-0.002097948	0.141528813	0	17.14182886	119.1812123	381.2035172	34.6978319
2016-10	12.41762061	0.23886895	6.063328072	5.313524241	1.348298863	0.289264949	0.93405725	0.299943903	1.709490716	0.30620847	0.200156403	0.254753629	0.355087503	0.374294128	-0.032320918	0.248072843	0	0	0.000855858	0.005970894	2.471490589	3.691392671	2.083862639	1.206972096	1.847798128	0	-0.04538306	0	0.010221834	0	-0.009317946	0.079201381	0	18.02809002	120.3390804	396.7713533	34.61412278
2016-11	12.99148769	0.205277635	6.582432186	5.383628544	1.324619556	0.260859604	0.933236162	0.261675241	1.750859101	0.287124484	0.197089343	0.243471292	0.351393475	0.35586624	0.200485035	0.246277193	0	0	0.000869164	-0.002097948	2.525495935	3.542542713	2.12788307	1.902278047	1.821818709	0	-0.038911162	0	-0.010634258	0	-0.015629586	0.021522665	0	18.50516327	118.27438	405.9069787	34.58650213
2016-12	13.10813831	0.170939898	6.597977245	5.659049846	1.276815789	0.230077602	0.91383246	0.32199994	1.773073466	0.264206407	0.190387202	0.228447763	0.44104098	0.332163816	0.166000693	0.239735564	0	0	0.000863756	-0.009317946	3.183590828	3.397726896	2.404943797	1.850007842	1.762000859	0	-0.032308231	0	-0.029192056	0	-0.02099747	0.269181367	0	17.52442593	113.9506621	399.150902	34.0499135
2017-01	14.33096111	0.136617137	6.360008253	5.653748021	1.208256082	0.297772247	0.878092479	0.389852171	1.677604925	0.238296009	0.280547531	0.210357631	0.432902915	0.304188357	0.13164477	0.229053387	0	0	0.000841614	-0.015629586	3.092204416	3.659438124	2.426199576	1.765964501	1.872924776	0	-0.025719428	0	-0.045310232	0	-0.025408616	0.346690571	0	16.9712738	110.2203027	396.767415	33.28598546
2017-02	13.4648824	0.10299431	6.358635995	5.135901418	1.122387225	0.272741983	0.828364646	0.463122135	1.65813114	0.210210731	0.276080876	0.18986936	0.416920599	0.272926678	0.098091545	0.214858359	0	0	0.200804854	-0.02099747	3.168112556	3.461789466	2.356805785	1.655006204	1.775297806	0	-0.019275117	0	-0.058910387	0	-0.028870476	0.329515044	0	16.13401141	108.0185732	392.0069283	32.11273051
2017-03	14.41611391	0.270673879	7.430228243	4.967121447	1.322657509	0.344759906	0.767042304	0.63980266	2.02744211	0.280729766	0.666539269	0.367632529	0.494198102	0.239332633	0.465931811	0.497785668	0	0	0.216755673	-0.025408616	2.933067631	3.554669884	2.487215257	1.622043612	1.951927577	0	-0.013089734	0	-0.069972318	0	-0.03140874	0.507466768	0	16.51779503	105.1966452	387.0023518	30.33454645
2017-04	13.7839	0.256172014	7.166056701	4.895877044	1.236447614	0.322680839	0.69651135	0.626019079	1.919273142	0.258582303	0.684621038	0.360266731	0.473863892	0.20431134	0.467669415	0.502464532	0	0	0.226776297	-0.028870476	3.262865846	3.467168863	2.734839477	1.579936407	1.83185582	0	-0.007261096	0	-0.07852861	0	-0.033065002	0.597473985	0	17.05284439	104.0529771	404.0781859	31.04748987
2017-05	13.61922947	0.237996895	8.32498118	5.63383954	1.234129756	0.296356061	0.619103264	0.601093475	2.183535607	0.233477939	0.787202209	0.346432178	0.446085826	0.168705949	1.359879869	0.496626219	0	0	0.231259332	-0.03140874	5.714426922	3.779074567	2.803004486	2.230441195	1.787154121	0	-0.001870099	0	-0.0846587	0	-0.033894339	0.586531	0	16.63333192	100.0826162	405.2848728	30.70818914
2017-06	14.19864141	0.216879349	8.541513587	6.045328996	1.127361089	0.26673664	0.537053921	0.566638561	2.557701113	0.306214453	0.783781218	0.327052436	0.41216385	0.133286978	1.415671681	0.881439213	0	0	0.230668877	-0.033065002	5.646543353	3.824208209	2.968292904	2.13128668	1.63117951	0.1	0.0030192	0	-0.088482607	0	-0.033962855	0.664951694	0	16.86310406	99.94763916	408.3851936	31.48865471
2017-07	15.59613933	0.193535972	9.505562481	6.674762926	1.308722067	0.334744428	0.552468435	0.624296368	2.943296047	0.285553027	1.765026703	0.30306962	0.373390794	0.198744165	2.137570878	1.190142123	0	0	0.22552409	-0.033894339	5.472517273	4.268344323	3.137686622	4.699421883	1.55817877	0.108	0.007359185	0	-0.090154472	0	-0.033345262	0.642231284	0	17.31263691	105.247207	422.8477784	33.48130063
2017-08	14.96196467	0.168656213	10.28309524	6.727758205	1.205772506	0.409256549	0.475292128	0.683702467	2.831465566	0.361246683	2.012847105	0.275423693	0.331027229	0.17368075	2.184528738	1.2041719	0	0	0.2163833	-0.033962855	5.506443456	4.642699939	2.907387236	4.756755128	1.381314529	0.11304	0.011117988	0	-0.08985606	0	-0.032122523	0.60893829	0	16.69096374	103.8518739	415.5071492	33.24505594
2017-09	15.19196818	0.142891305	9.937212812	6.840898792	1.089002451	0.388132327	0.39632761	0.743493907	2.674188823	0.342146039	2.335628524	0.245033885	0.286279475	0.147650062	2.183100237	1.192715261	0	0	0.203828923	-0.033345262	5.586848151	4.426765994	2.641970044	4.713219946	1.194510421	0.1153152	0.014278551	0	-0.087790369	0	-0.030379608	0.566795829	0	16.9976386	105.4790367	420.23044	34.0275346
2017-10	15.69513198	0.116845062	9.867174374	7.225907345	1.162129352	0.76135788	0.617332991	0.802436324	2.979155977	0.61811254	2.439419231	0.21278238	0.240280907	0.121269441	2.738152582	1.358549981	0	0	0.188453405	-0.032122523	5.227475414	4.263890124	2.55025517	5.179773883	1.002496516	0.115056576	0.016837487	0	0.015824561	0	-0.028203392	0.717531698	0	17.23369321	103.6139024	413.9567928	35.1312147
2017-11	14.59407675	0.091066542	9.926796291	6.907896895	1.144700976	0.762033721	0.563891174	0.859435773	2.794043296	0.614120139	2.704042483	0.179500378	0.194076577	0.095101493	2.70293664	1.320630229	0	0	0.170846371	-0.030379608	4.799490442	4.472024039	2.45670668	5.916076949	0.90963407	0.112522683	0.018803779	0	0.028761506	0	-0.02568073	0.678843346	0	16.98146849	104.2030035	402.8513745	35.2619025
2017-12	14.65124552	0.066044543	11.24192009	8.023529552	1.126121419	0.747401303	0.504515715	0.913546562	2.771561017	0.598244575	2.74812256	0.145956569	0.14861115	0.06964831	3.41718356	1.260089848	0	0	0.151583113	-0.028203392	4.318314159	4.389904081	2.563378905	7.740428169	0.827865188	0.107991725	0.020197367	0	0.039829527	0	-0.022896719	0.630446962	0	17.39483688	110.4091345	396.6794706	39.41428347
2018-01	14.6096725	0.042203854	11.02069311	9.507128353	1.606877388	0.719284101	0.640987488	1.663975341	3.335895746	1.071991677	2.852832178	0.112848009	0.104720041	0.145347479	4.751662116	1.380401708	0	0	0.131214518	-0.02568073	3.798889221	4.288198038	2.78811633	8.827535704	0.75771589	0.101754029	0.021047648	0	0.048994155	0	-0.019933176	0.774281278	0	16.33897169	108.6464696	370.8911676	38.42314067
2018-02	13.86006333	0.019903156	10.80117496	10.05222471	1.527420213	0.679592937	0.790992334	1.866081735	3.137079087	1.076924235	2.830014191	0.080793345	0.063123643	0.130569782	4.737659575	1.301074348	0	0	0.110258493	-0.022896719	3.455428992	4.070898638	2.734617686	8.669381771	0.899427205	0.094105022	0.021391948	0	0.056262438	0	-0.016867323	0.928246536	0	16.08191358	108.8471419	359.3038716	36.84264934
2018-03	15.64821381	-0.000565535	11.80758513	11.64176693	1.625360351	0.63027903	0.750176849	1.850655855	2.995402512	1.059825052	2.672877718	0.05032828	0.024424412	0.114658459	5.130304096	1.203658237	0	0.2	0.0891929	-0.019933176	3.317206206	4.133911205	2.971776552	8.953655596	1.268978843	0.085338815	0.12127398	0	0.061678643	0	-0.013770708	0.988250338	0	16.22892301	108.2708041	344.6092277	35.90335416
2018-04	15.40458496	-0.018976047	11.25720258	12.05951959	1.520999269	0.573290934	0.898439375	1.999759446	2.727985544	1.223239286	2.577997339	0.021903157	-0.010893384	0.098045099	4.981078083	1.091910572	0	0.216	0.068450009	-0.016867323	3.106461575	3.907944292	3.025784001	9.050428927	1.276195741	0.075742453	0.128742328	0	0.065319655	0	-0.010708341	0.942488753	0	15.71665304	112.0666839	330.8318637	35.33992141
2018-05	14.1972273	-0.035165986	11.79671424	12.4743066	1.896654309	0.510535829	0.853906861	2.133957488	2.632750563	1.185847312	2.961045051	-0.004117518	-0.042461533	0.081132173	6.84715311	1.169499462	0	0.22608	0.048412406	-0.013770708	2.614662175	4.566415184	3.673875025	8.856516346	1.177167035	0.065590877	0.132888995	0	0.067290173	0	-0.007738044	0.882453551	0	16.38127701	115.4216422	322.1955988	34.62603351
2018-06	13.46666087	-0.049033612	11.44634044	13.09812877	1.896810759	0.543845517	0.796749461	2.152056577	2.334384068	1.128477588	3.06656709	-0.027453775	-0.070023637	0.464287896	6.709677572	1.055939474	0	0.2306304	0.029410316	-0.010708341	2.119749472	4.687710683	3.763679446	9.764864696	1.764497858	0.055142642	0.133963216	0	0.067717835	0	-0.004910016	0.810772798	0	16.63181304	118.8726717	315.7790484	36.07101372
2018-07	14.59981785	0.239466198	10.92207721	13.65760615	1.879015349	0.682947327	1.329372812	2.245304626	2.719166541	1.954275285	3.160205584	0.05209267	-0.093429057	0.579842289	6.551756036	1.332616695	0	0.230113152	0.011720228	-0.007738044	1.63193305	4.403122418	4.229229836	12.18708092	2.097805642	0.044636377	0.13225075	0	0.066748375	0	-0.00226659	0.730044665	0	16.7046592	123.3411449	309.3085721	36.07007565
2018-08	13.16766279	0.254326702	9.931798767	13.44798367	1.745419172	0.634480009	1.402146372	2.124321777	2.951087436	1.938407707	3.041276116	0.042642617	-0.112625354	0.592244397	6.198591533	1.234973861	0	0.225045366	-0.004435256	0.295089984	1.160259609	4.278930532	4.00364059	11.9233339	2.935826535	0.234288012	0.128064516	0	0.064540893	0	0.000157824	0.642788452	0	17.07612757	124.7359478	311.958972	35.64782986
2018-09	12.81536997	0.762614622	8.761912189	13.11036376	1.59027423	0.778169822	1.459599648	2.372950777	2.700794493	1.985358733	3.493414074	0.133284716	-0.127649515	0.991561406	5.95677165	1.222395832	0	0.215983451	-0.018886486	0.32173341	0.712548319	3.841579224	3.720537457	12.1874949	2.911328807	0.240288722	0.121735615	0	0.161263341	0	0.002336641	0.751402091	0	17.36892655	126.4165515	310.0651525	35.57485206
2018-10	16.88199903	0.804821457	9.733776025	14.36429857	1.718838298	0.731927258	1.402115604	2.729257862	2.721514955	2.107907481	3.270469953	0.132196912	-0.138618269	1.011115486	5.459998322	1.40662769	0	0.203508058	-0.031514863	0.339277824	1.795357193	4.471131462	3.791333888	12.56148991	2.831054277	0.540883587	0.213604891	0	0.165088278	0.1	0.004250844	0.774126324	0	18.56506709	127.3407638	312.9594118	36.197675
2018-11	16.22432521	0.82671118	9.053777956	14.96555393	1.560169193	0.675670405	1.422337652	2.695349081	2.545733071	2.316043205	3.104410846	0.128573949	-0.145717782	1.108491848	4.90370236	2.104303808	0	0.188210044	-0.042250105	0.348282241	1.933978035	4.568305847	3.459223999	12.56685562	2.702186113	0.560601294	0.212015142	0	0.165228955	0.108	0.005888609	0.699095608	0	18.93029225	130.6657396	327.665057	37.07426214
2018-12	16.00793227	1.329877707	8.040704136	14.82737267	1.586163615	0.711525829	1.332090742	2.530924196	2.456614714	2.217044492	3.112869433	0.322741804	0.850807012	1.093960738	4.604961948	2.250126238	0	0.17067763	-0.051066821	0.349420572	1.700057232	4.564396676	3.191140618	11.68034764	3.232161044	0.567135204	0.206344066	0	0.162050986	0.11304	0.207244826	0.617586051	0	19.26038904	128.124903	322.2268365	40.20170532
2019-01	19.21301997	1.656130027	7.888123615	15.38646208	1.517835322	0.949565194	1.324226708	4.132323317	2.467275898	2.583604761	3.918224772	0.731038037	1.130663186	1.059003523	8.103996338	2.276363901	0	0.151484905	-0.057980529	0.443456658	1.755527365	5.049590489	2.906042763	11.74888351	3.284495261	0.56167302	0.297113215	0	0.155949794	0.1153152	0.324320524	0.731875728	0	19.05226837	124.795652	313.3679014	38.53237009
2019-02	18.43333851	1.676634514	6.793038673	15.22191332	1.445983152	0.904809319	1.410664544	4.150936058	2.187525446	2.561836907	3.684680082	0.763883887	1.199920479	1.00636196	7.811047362	2.174450519	0	0.131181754	-0.063043256	0.439220002	1.630339937	4.865273111	2.611333838	11.29558812	3.105906151	0.545523593	0.292863186	0	0.147339725	0.115056576	0.343202242	0.660098924	0	18.4639144	121.9834131	303.0075017	38.47932097
2019-03	21.54295842	2.061555863	6.671601453	14.86938116	1.572396536	0.846432845	1.900245305	4.504668805	2.191999531	2.811009101	3.900796259	1.078167473	1.638253633	0.938857313	8.191172336	2.139239465	0	0.110285284	-0.066338845	0.426622612	1.805064454	4.842082009	3.013869129	11.48171051	2.983057829	0.520078637	0.283180895	0	0.136643868	0.112522683	0.353331744	0.582297821	0	18.58511754	122.0927298	299.602992	37.96199034
2019-04	22.51075717	2.246753959	5.928875925	14.63471459	1.41472065	0.776965362	1.822863084	4.3329349	2.312186216	2.759043894	3.817284894	1.399459352	2.079988399	0.959325985	7.729461366	1.984764727	0	0.089272755	-0.067978098	0.506752508	1.706215229	4.704368376	3.075873508	11.27958645	2.732833183	0.486776604	0.268803216	0	0.12428472	0.107991725	0.45538166	0.500630872	0	18.50249801	118.9692603	293.0868734	39.65715297
2019-05	22.77156091	2.408497167	6.501845432	14.75082039	1.244517941	0.898905319	2.216761823	4.091715688	2.454110509	2.577094329	3.805778967	1.420632855	2.21594992	0.87856127	7.459332266	2.106042168	0	0.068576023	-0.068093863	0.488734365	1.603126623	5.14633874	3.45015998	14.15208307	2.652974337	0.547069242	0.25048724	0	0.110675793	0.101754029	0.458118952	0.417118001	0	18.89809048	117.6387525	295.3806292	41.96965628
2019-06	24.77085305	2.34589611	6.207481079	13.7602992	1.066445143	0.830673175	2.126935452	3.992784084	2.412760162	2.361797834	3.779308053	1.411276351	2.213996291	0.788301802	6.82702943	2.133071022	0	0.048577444	-0.066836175	0.462743349	1.998284344	5.321185292	3.158014604	13.35428836	3.36804189	0.510391232	0.228993117	0	0.096214242	0.094105022	0.451420135	0.333614057	0	19.51616189	120.7485204	306.9773968	42.19151613
2019-07	24.47479891	2.342637237	6.03840354	12.87362415	1.084850723	0.752650781	2.003553009	4.163889958	2.167289646	2.220795032	4.13989807	1.374629971	2.167958099	0.691302244	6.12141629	2.55473557	0	0.029607175	-0.064367533	0.430096567	2.033960607	5.492123483	2.931923474	14.38918736	3.144241849	0.467173197	0.205068544	0	0.081274561	0.085338815	0.536362798	0.351788226	0	20.26210293	120.0723411	319.2749397	43.68735968
2019-08	23.55885422	2.212851506	5.605465684	12.63814412	1.11971873	0.767377611	1.85243775	4.034607446	1.903020389	1.96947661	3.921631124	1.314155629	2.083164564	0.590176596	5.363936138	2.403138952	0	0.011941788	-0.060858403	0.392112532	1.965390031	5.356125385	2.589802987	13.45281271	2.879936975	0.418933503	0.179435058	0	0.066203357	0.075742453	0.522083938	0.281109213	0	21.6282078	124.3623329	333.9972296	47.27987167
2019-09	27.5233269	2.051787319	5.5837123	12.03344921	1.168705561	0.785284206	1.879385262	3.877561036	1.92711765	1.703900497	3.666758249	1.233445609	2.265187092	0.587359982	6.274925278	2.518639217	0	-0.004195895	-0.056483019	0.35008465	1.984368712	5.08660459	2.43009849	12.36101927	3.18446385	0.367139108	0.152776219	0	0.051315207	0.065590877	0.598791285	0.211875918	0	22.44513802	122.6360789	340.3873458	47.50753504
2019-10	26.22088578	1.865793804	5.112460008	12.5285548	1.229419599	0.905694457	1.706050318	4.098668046	2.070262832	1.730803986	3.384037498	1.136137678	2.143703625	0.79307783	6.909316999	2.43221667	0	-0.018635892	0.048584487	0.305257864	2.001762151	4.982303782	2.277762472	12.65118479	3.114848759	0.31318137	0.125727739	0	0.036889567	0.055142642	0.575852072	0.445328434	0	23.23147247	125.2497287	346.9307035	50.60228136
2019-11	28.10427106	1.661083764	6.646083746	12.22357875	1.09947384	0.835949794	2.015927861	3.735690995	2.037688239	1.680401046	3.381908071	1.125837787	2.191494432	1.122362336	6.302083207	2.525792045	0	-0.031259172	0.062173553	0.258808598	2.417381003	4.768786979	2.335104807	12.47931006	3.629898203	0.258355778	0.098869553	0	0.0231687	0.044636377	0.543689739	0.406529129	0	23.97454402	125.937019	354.7811114	54.03550743
2019-12	28.81723239	1.743623053	7.053423434	12.22462872	1.460533181	0.956460602	2.054499093	4.134297828	1.907617341	1.94143038	3.192353426	1.11405113	2.630676269	1.076271145	6.429531131	2.419494042	0	-0.04199494	0.073160241	0.211828088	2.66309035	4.741246117	2.220010812	11.4950366	3.780844738	0.20384563	0.072719794	0	0.010356546	0.034288012	0.503869844	0.563479173	0	25.46381753	123.1568398	351.0908563	53.96470074
2020-01	32.12255294	1.543035952	9.278960686	12.56108112	1.656275924	1.085791116	2.48812322	4.970358022	2.672401186	2.637528172	4.197907177	1.201162115	2.693326398	1.11326365	7.275643639	2.495435958	0	-0.050817233	0.281585056	0.265309066	3.010966955	5.721634419	1.912026	12.53928976	4.121079725	0.450709585	0.047730615	0.1	0.098618476	0.024288722	0.457954542	0.633464628	0	25.35488735	117.1315418	338.3478095	53.0416807
2020-02	32.43489037	1.431646842	9.456364998	12.05266666	1.759318874	1.120472757	2.44862247	4.763405036	2.507258622	2.491265622	3.998947409	1.09553876	2.535844986	1.144291631	7.991632024	2.573874963	0	-0.057740951	0.303535688	0.228135765	3.16383656	6.089551202	2.09659915	12.70833181	3.964869619	0.423872952	0.024285742	0.108	0.096081844	0.014803587	0.407471679	0.603782246	0	26.18975243	113.9261427	336.6721113	51.47012906
2020-03	34.32729625	1.222763706	10.54690158	11.31404031	1.756871152	1.449276779	2.484099346	5.101879247	2.408485142	2.509804014	4.159904669	0.978566965	2.543394815	1.269330982	7.83618893	2.552992569	0	-0.062817479	0.317220543	0.19011708	2.998142474	6.458885283	2.120783001	12.78630301	4.264983131	0.391242523	0.202699641	0.11304	0.091877238	0.005970894	0.353887669	0.664992456	0	27.27733596	113.2827607	343.3505406	51.58633
2020-04	34.66391562	1.01031361	10.33744647	10.24299579	1.639530779	1.396214863	2.406346547	5.344468453	2.891419308	2.816292487	3.821568111	0.95372101	2.339321765	1.396479778	7.219566367	2.923138562	0	-0.066130005	0.323192502	0.152097921	2.989054947	6.422108251	1.860132808	12.86075104	3.969785629	0.354050287	0.199218158	0.1153152	0.086255548	-0.002097948	0.298584307	0.626781797	0	28.13061441	113.5780617	343.4341162	50.41918424
2020-05	34.39359474	1.298902251	9.902187944	10.2341958	1.501133827	1.420534841	2.208242097	5.075909369	2.908231671	2.935806263	3.640633846	1.132285231	2.108869585	1.322984099	7.220214733	2.917807185	0	-0.067788677	0.322103414	0.114838719	2.761095073	6.240566756	1.788344977	12.13053924	4.924712165	0.413496269	0.19210046	0.115056576	0.079470916	-0.009317946	0.242839595	0.579856568	0	28.71595274	113.9522713	356.7606519	50.98036938
2020-06	31.80243406	1.132653983	9.55241151	10.0015919	1.346553894	1.334012125	1.98578325	4.852688006	2.705198164	2.844652536	3.54498033	1.030347325	1.859285231	1.530378306	6.516393967	2.694652802	0	-0.067925709	0.314681168	0.079008664	2.500709286	6.812368076	1.82796903	11.03073783	5.045651804	0.378727727	0.181852522	0.112522683	0.071775329	-0.015629586	0.187812562	0.52602673	0	29.90843817	113.7500146	356.639321	51.96582861
2020-07	31.55434076	0.960377462	8.82656449	10.31221655	1.580500877	1.229461437	1.745854623	4.594735019	3.468364044	2.925721131	3.34799256	0.917996262	1.797473608	2.246425526	7.352627399	2.839920802	0	-0.066690524	0.301707522	0.14518144	2.316347891	6.610741902	2.987071297	10.66030181	4.933584443	0.339861485	0.168992328	0.107991725	0.063413794	-0.02099747	0.134531981	0.467059341	0	31.3635063	118.6729832	365.6573368	52.79342535
2020-08	30.95996997	0.786121044	9.416770882	10.3055344	1.739443144	1.51077659	1.795001766	5.210682631	4.385846056	2.800168444	3.143743715	0.798520381	1.545893675	2.205939513	10.37818494	2.793863585	0	-0.064245047	0.283997091	0.12183331	2.324095678	6.557063508	3.250521912	10.71370336	5.074052129	0.698084637	0.254038306	0.101754029	0.054620136	-0.025408616	0.083888818	0.404647505	0	31.38579749	118.8101953	374.5804042	53.82239391
2020-09	29.70583687	1.013567847	9.159621217	10.33340979	1.607702321	1.513744696	1.863334159	4.980821829	5.043862945	2.651167656	4.03704488	0.675021681	1.288553861	2.525383312	10.43362303	2.536534818	0	-0.060759216	0.262377761	0.098383327	2.044586773	6.077611683	3.502617027	14.82749068	4.898992004	0.886523781	0.245498921	0.094105022	0.045613442	-0.028870476	0.236632196	0.840383902	0	33.13814361	122.1774823	390.7795569	56.05201773
2020-10	27.16300034	0.877998612	10.16499409	10.59182943	1.456981534	1.506141097	1.74756663	4.51433067	4.895200886	2.484043594	4.020275032	0.550372417	1.131176952	2.642375064	9.874844846	2.354208232	0	-0.056406784	0.237672809	0.075310676	2.252137023	5.544552806	3.33945029	14.81334946	4.483458051	0.878388536	0.232903495	0.085338815	0.036595148	-0.03140874	0.209368592	0.815738981	0	36.49249224	127.144491	396.4632031	60.25763882
2020-11	25.07118745	0.738426329	10.6465298	9.992570527	1.292193195	1.389175036	1.528424521	4.004202014	4.763501016	2.203951067	3.684776667	0.427180631	0.986914195	3.03482014	9.174447585	2.063030139	0	-0.05136146	0.210684895	0.053039076	2.693889508	5.073908762	3.62581122	13.78435537	4.819808333	0.853499044	0.216909543	0.075742453	0.027746781	-0.033065002	0.180643976	0.777243773	0	37.14155617	130.5319089	393.7892206	64.33754502
2020-12	22.3471321	0.598042748	10.72698134	9.753386101	1.118039826	1.55612208	2.000628133	3.565002183	5.069701112	2.207788771	3.509132606	0.307764411	0.75733943	3.627324306	8.360601099	2.059709253	0	-0.045793439	0.182182076	0.031933855	2.977588953	4.888850946	4.111019833	13.48257359	4.78612742	0.81402852	0.198176794	0.065590877	0.019228314	-0.033894339	0.151178942	0.72705321	0	37.28288258	129.2699469	386.546852	65.2627097
2021-01	25.38853965	1.45973667	11.4648481	10.62305239	0.938940998	1.535251979	1.925598821	4.918422292	6.063887177	2.927086929	4.820870299	0.394134524	1.135575352	4.928031568	9.26092724	2.975526271	0	-0.039866351	0.252885896	0.012300479	2.773366676	4.924521893	4.405487189	13.72131851	5.24009205	0.762224479	0.277353785	0.155142642	0.011177128	-0.033962855	0.721636833	0.767340639	0	36.5044187	127.8287822	379.3177832	63.79010372
2021-02	23.41803565	1.406066466	12.11963123	11.79329101	0.758973232	1.505763848	1.739560463	4.818131944	5.897376891	3.015913533	4.845016816	0.403984936	0.973276175	5.280107474	9.946002222	2.880251061	0	-0.033734645	0.231461617	-0.005615569	2.534099292	4.598135308	4.382398065	14.66176256	4.923858375	0.700356352	0.263066001	0.152636377	0.003707519	-0.033345262	0.740616198	0.708252512	0	35.37371284	130.2151582	366.9452656	61.46895626
2021-03	22.57622134	1.429641953	11.76654341	12.35063995	0.581822778	1.569109253	2.137334732	4.691507991	6.349570096	3.295539206	4.729848345	0.524770608	0.907741393	5.271373639	9.863649661	2.756898351	0	-0.027541417	0.207550533	-0.021627701	2.568076661	4.672424675	4.413969892	14.95492696	4.560770901	0.63066791	0.244945675	0.147328012	-0.003089281	-0.032122523	0.742885303	0.640908148	0	36.4286033	135.2385935	374.8710945	60.55054442
2021-04	21.30706403	1.842267053	11.71343351	13.30524119	1.410750915	1.734737933	2.77258488	4.943716275	6.089552579	4.381291527	5.471599755	0.662982301	0.850605261	5.078085715	10.43225936	2.610742945	0	-0.021416683	0.181879547	-0.035606066	2.40729476	4.685836611	4.414105138	15.01967638	4.462776756	0.555334955	0.223738469	0.139603922	-0.009144614	-0.030379608	0.730069791	0.667480058	0	36.80943265	135.8549135	373.7869186	59.07296288
2021-05	21.17868117	2.176784301	11.11136593	13.27827748	1.328571219	1.809108986	3.048858315	6.211829404	5.953745762	4.530842786	5.349744028	0.614113178	0.802170636	5.202564869	9.915362907	3.046988221	0	-0.015476089	0.155138069	-0.047474473	2.134445154	4.924190622	4.785944757	15.53755734	4.065326491	0.476428596	0.200177213	0.129860163	-0.014411522	-0.028203392	0.703934435	0.598045175	0	39.53599041	141.2725031	385.4154219	59.44168024
2021-06	19.79956297	2.114314139	10.72727779	13.3684446	1.328038068	1.679860754	3.21652724	6.168894632	6.472444711	4.334822063	5.373078994	0.657848704	0.762536062	5.19054481	9.511848839	2.818669205	0	-0.009820032	0.127967977	-0.05720655	2.146191605	4.50022542	4.764881519	14.95289905	3.546314722	0.395884301	0.174968539	0.118493577	-0.018863509	-0.02568073	0.666333925	0.523592877	0	42.89917259	146.6228837	400.8127664	62.46469225
2021-07	17.94236533	2.01580471	9.807052902	13.00222611	1.220997471	1.62994013	3.063098729	6.266875445	6.709824872	4.371706971	5.166618883	0.604053703	0.631614224	4.935915861	8.558449201	2.656808706	0	-0.004533181	0.100955535	-0.064821288	1.973839579	4.248652229	4.610626975	13.9676486	3.008277835	0.715476749	0.148781362	0.105893778	-0.022493027	-0.022896719	0.619166788	0.446113951	0	44.8680531	146.3657686	395.7541212	64.73610922
2021-08	15.29204016	1.88683013	9.522709449	12.45258495	1.100240985	1.572412766	3.163751093	6.029720668	6.929270518	4.277469249	5.217472406	0.543557129	0.501152285	5.128031489	7.729220543	2.777998083	0	0.000315649	0.074625226	-0.070378126	1.799245964	4.097263312	4.519585345	13.78157023	3.063879081	0.668800418	0.222237275	0.092436083	-0.025309733	-0.019933176	0.564333029	0.467460639	0	49.04268449	152.4470496	410.326258	67.88566231
2021-09	16.42090669	2.133016405	8.756346152	11.72885621	0.969555327	1.409189883	3.051063199	6.135686955	7.12818619	4.347105914	5.058891128	0.478239069	0.973713494	4.918374925	7.26833034	3.111508561	0	0.004673283	0.049435444	-0.073971719	1.526126792	3.959068022	5.007256172	12.49846829	2.57264262	0.613415711	0.203902851	0.078475436	-0.027338573	-0.016867323	0.503695985	0.397323445	0	52.67899906	156.7912616	419.754656	70.32254684
2021-10	15.08846844	2.391923724	8.371492262	11.04292321	0.832547128	1.33410549	2.808622831	6.328342874	6.904646571	4.102836794	4.974990155	0.409888034	1.399544312	4.471316519	6.62816255	3.76943782	0	0.008501688	0.025775931	-0.075726517	1.249797	3.535510899	4.726014792	12.23370718	2.079076953	0.651301161	0.183323813	0.064341345	-0.028617758	-0.013770708	0.439048726	0.426253502	0	57.23810219	159.6252271	419.2051211	73.70929198
2021-11	13.20750464	2.457101837	8.117693915	10.62472505	0.792588807	1.159847427	2.534254043	6.315166344	6.625367982	3.720937851	4.779979477	0.340174341	1.354801163	4.079537623	5.799448288	3.566185396	0	0.011777218	0.00396685	-0.075791306	1.276104248	3.203599271	4.598377255	13.41074804	1.993286314	0.592372043	0.161136202	0.050333836	-0.029196669	-0.010708341	0.372085218	0.363765483	0	63.33653296	160.2832915	417.6264373	76.08317677
2021-12	18.55048713	2.306620103	8.106921525	11.31585221	0.760774542	1.579818222	3.536637053	6.67700414	7.201509892	4.002810044	5.468870277	0.270628532	1.687436305	3.965345865	5.477616487	4.511934507	0	0.014489652	-0.015740659	-0.074333789	1.234258686	2.880806821	4.551535926	12.54186985	1.556209012	0.527488396	0.137944628	0.036720402	-0.029133756	-0.007738044	0.304376357	0.300250956	0	63.81839	157.0098836	402.5730931	75.39800954
2022-01	20.42816163	2.625054139	9.055087944	12.31154961	1.036926213	1.446195573	3.628049021	6.849118074	7.016007414	4.416438818	6.019494591	0.202624732	1.633059207	3.863266364	6.818415536	5.412870017	0	0.016641049	0.066837396	-0.071535348	2.911912507	3.772677479	4.298348011	15.80904209	1.131715261	0.458543345	0.114313319	0.023733902	-0.028494459	-0.004910016	0.237350855	0.237082863	0	64.81569353	158.0836189	394.8936214	73.09339885
2022-02	20.52950545	3.159143689	9.527335961	11.90144627	1.444724192	1.397011277	3.997758811	6.907038253	6.788735035	4.860375938	5.994666582	0.237368818	1.951458634	3.374129487	6.048766369	5.635454575	0	0.018244485	0.059820897	-0.067586045	3.443562695	4.079907521	4.024511928	16.57331625	0.927036579	0.387321933	0.090758875	0.011571375	-0.027349202	-0.00226659	0.172280885	0.175489922	0	65.67695284	161.5683082	391.4442245	72.33738125
2022-03	19.35012478	3.01664141	9.241812458	11.83432434	1.382847889	1.544805186	4.170542447	6.841025648	6.228415193	4.522711827	6.832428042	0.183891119	1.878988946	2.866423707	5.235106792	5.503071586	0	0.019322688	0.052309631	-0.062679951	3.473176611	4.814816409	4.037569215	18.20969668	0.564285034	0.315476223	0.067744697	0.000393673	-0.025771488	0.000157824	0.110272295	0.116546477	0	65.65854716	166.7731625	387.3308828	70.79021778
2022-04	18.60167968	2.828056531	9.020005056	11.55722812	1.299502259	1.406923599	4.42263687	6.444793792	5.519559032	4.42835989	6.709764796	0.132083367	2.176186448	2.352160032	4.398111036	5.193865464	0	0.019906617	0.044503298	-0.057010867	3.350365603	4.59993808	3.668569388	19.17824513	0.826522942	0.24450556	0.045677044	-0.009674132	-0.023836114	0.002336641	0.052259119	0.061166446	0	69.4488111	169.3620681	383.8622576	70.34196631
2022-05	21.17604549	2.70176901	8.679978293	11.65669696	1.198501147	1.2546917	4.461069113	6.199289245	5.171197306	4.11487595	6.425172578	0.182814723	2.080140471	2.042279523	3.556852636	4.911702645	0	0.02003402	0.036587533	0.049231526	3.872828383	4.834548822	3.283098157	20.98637383	0.666006601	0.175741851	0.024902614	-0.018541675	-0.021617556	0.004250844	-0.000997923	0.01010109	0	75.63107243	176.5048417	389.5632498	72.75170065
2022-06	21.36945381	2.45407486	9.02035464	12.47308497	1.083630123	1.292589156	4.166436749	5.634349368	4.534247807	3.870442884	6.280536131	0.144816649	1.952096282	1.762541475	2.728583023	4.879522055	0	0.019748003	0.028731593	0.063865049	4.105588318	4.669007514	3.290512085	23.69396219	0.728221762	0.510339677	0.005707576	-0.026151629	-0.019188503	0.005888609	-0.048909302	-0.036059753	0	79.22248618	181.0632412	387.5028777	74.66542755
2022-07	22.09613223	2.182068628	8.60628626	12.55837249	1.158573599	1.240845084	4.017938887	5.433216491	5.090308301	3.713044268	6.504752605	0.10772205	1.797814586	1.715526402	2.72856871	4.832969083	0	0.019095628	0.021086616	0.075757918	4.012960493	4.366640186	3.031374379	24.33691246	0.529650972	0.481270927	-0.01168211	-0.032477556	0.183381415	0.007244826	0.308948643	-0.076883316	0	86.07030883	186.9645359	404.0584854	76.75447321
2022-08	21.80822016	1.893621646	8.561498993	12.2239638	1.042851255	1.289458517	3.943932034	5.243532572	4.84895658	3.557124627	6.13645238	0.272182469	1.823004768	1.918902308	2.033984455	4.474412027	0	0.018126577	0.013784404	0.084946343	3.869336241	4.027176787	2.777522956	25.28882946	0.340344241	0.445483633	-0.027099186	-0.037521338	0.202026714	0.008320524	0.304841821	-0.112086856	0	89.21194303	188.9764104	401.6573625	77.97952484
2022-09	23.31293489	1.79614693	8.129960473	13.43851671	0.917844121	1.547421437	3.758447225	5.267946394	5.5147609	3.405654459	7.02225313	0.654753197	1.649215837	2.583562577	2.368178936	4.182222435	0	0.0168919	0.106936725	0.091516998	3.982687689	3.761116193	2.833506216	26.29977817	0.163161299	0.504365395	-0.04043257	-0.041310316	0.314766948	0.009122242	0.395048844	-0.141528306	0	102.515175	192.9075692	416.2432047	85.3224808
2022-10	23.08091945	1.512496747	8.178976595	14.44284399	1.286980817	1.428639636	3.556341952	4.824559905	5.463689569	2.961218217	7.179028742	0.665971789	1.459821482	2.330085568	1.82159039	4.275607354	0	0.015442853	0.10863508	0.095600247	3.685050239	4.486439334	2.627221026	28.18363645	0.000433425	0.467271674	-0.051623964	-0.043894189	0.329937819	0.009661344	0.388334188	-0.165195044	0	112.8177802	197.1874608	422.5455985	90.76469156
2022-11	24.23048717	1.226961647	8.159511573	14.57788166	1.193464228	1.293163222	3.943320368	4.569020867	5.40845158	2.802001236	7.016546219	0.662749085	1.660170133	3.255354549	1.493228891	4.194141634	0	0.013829853	0.107990897	0.097363167	3.643475528	4.989501374	2.329019934	28.41543617	0.153969669	0.424541891	-0.06066374	-0.045341792	0.336992847	0.009953308	0.374524314	-0.183191208	0	122.4337693	199.235614	431.1268411	96.82738741
2022-12	28.20048837	1.245440825	8.658802822	16.24785793	1.385430013	1.545371185	3.972734535	5.427655316	5.850568359	2.562665928	6.709981023	0.84659367	1.887280516	3.162989541	4.207838964	4.816939654	0	0.012101556	0.105251315	0.097002531	3.493188779	5.422467183	2.634058553	29.13574719	0.649072896	0.377594249	-0.067586263	-0.045737798	0.336602516	0.01001701	0.354604941	0.204276069	0	131.8394841	198.7542396	427.9874225	106.1472659
2023-01	33.98947968	1.297163268	9.614988889	17.38587942	1.990490619	1.521450928	5.299752594	7.091873214	6.231462092	3.036010832	7.959872726	1.035121924	1.73393425	3.936601242	6.706831251	5.201119078	0	0.010304058	0.200680665	0.094737909	4.628066928	5.463687067	2.595912139	31.92131217	1.001684342	0.427789486	-0.072464809	-0.045179448	0.429519167	0.009874002	0.329585407	0.228911097	0	131.9078378	193.2059178	411.1421973	105.0722113
2023-02	36.71978227	1.077770201	9.543256572	18.20238117	1.935235353	1.489493678	5.128073796	7.487831857	6.82963721	3.68130103	8.005577805	1.024094913	1.561243926	3.854119749	6.661787684	5.002858178	0	0.008480229	0.202553466	0.09080499	4.356895924	5.771511221	2.769662123	33.7498944	0.979000957	0.384409409	-0.075406204	-0.043773344	0.424553769	0.009547814	0.300476118	0.3465044	0	135.0111993	197.8283099	409.7986507	104.5632179
2023-03	39.68265896	0.858761037	9.527832355	19.05318512	2.146800906	1.45094228	4.891001401	7.154437999	6.851402073	3.388436187	8.106600819	0.993688705	1.374597756	5.522804009	8.28801272	4.864366205	0	0.006669178	0.200187918	0.085449263	4.125704102	5.573122736	2.470643867	33.78062053	1.039005891	0.337679152	-0.076545335	-0.041632383	0.411593837	0.009063289	0.268268235	0.365408285	0	143.6640007	197.0318966	409.1334858	103.9738594
2023-04	39.87559479	0.844477569	9.683393913	18.83784497	2.354273885	1.307227176	4.499816218	7.131294767	7.133962407	4.057089104	7.775389516	1.146449344	1.479124248	5.494163764	9.445854997	4.702436105	0	0.004905848	0.294055167	0.078920124	4.55511738	5.223110644	2.152114559	33.55266163	1.792230214	0.288868338	-0.076039647	-0.038872871	0.39169802	0.00844595	0.233915776	0.375113616	0	157.2182419	201.1544866	418.0321676	105.9439596
2023-05	41.45172515	0.654732896	9.629731437	18.96728194	2.253914089	1.851739039	6.557753229	7.467839963	7.60558746	4.077734948	7.881791553	1.101004932	1.303615606	6.278504268	10.05899595	5.422650293	0	0.003220734	0.492654587	0.071465497	4.610486983	6.423637549	1.92239589	34.49644539	1.794287501	0.339161238	-0.074063734	-0.035611852	0.365957825	0.007721426	0.198320248	0.876346141	0	171.8526942	199.581728	419.1603379	105.2981707
2023-06	42.50120797	0.570868032	9.848840579	19.60442958	2.11851199	2.144764935	7.178741474	8.601373839	7.577938258	3.974761508	8.179917555	1.138084863	1.219585515	6.258840636	10.96964288	5.202390056	0	0.001639718	0.901540973	0.163327022	4.548109886	6.515639012	2.297201171	32.95592187	1.760253308	0.397641624	-0.070804138	0.368035301	0.335472493	0.006914927	0.362317867	1.609928491	0	190.1866473	195.4546106	427.8524844	102.7309972
2023-07	46.19571835	0.603972295	10.069062	20.30577386	2.554279862	2.345592942	7.974056065	9.189526852	8.301495212	4.242590182	8.984632605	1.268695103	1.339566724	6.655966555	11.40983227	5.440108042	0	0.000184008	0.931507902	0.162735854	5.361008301	6.168127549	2.5285819	34.53033226	2.094417469	0.462321138	-0.066454419	0.403957033	0.401326244	0.006050778	0.342669367	1.977954036	0	231.8634722	207.5911128	445.6183666	109.0859211
2023-08	46.17686332	0.461686685	9.885880031	20.27086823	2.915385349	2.43942629	9.150358076	9.855074026	7.746666566	4.718784185	8.329183499	1.300870417	1.180758477	6.62026055	10.93780607	5.985252068	0	-0.001129811	0.939847979	0.158949086	5.025396708	5.752004681	2.486252918	33.25669496	2.033276864	0.431286279	-0.061210583	0.428207452	0.372568095	0.005152029	0.31813233	2.029617946	0	267.3153452	210.8821425	455.0152932	117.1236341
2023-09	47.07635653	0.924395902	9.963298662	20.1340358	2.782072581	2.515087777	8.826022724	9.796965002	7.392387453	4.612983104	8.672695633	1.423810792	1.314215885	6.415719935	11.29422637	5.856176651	0	-0.002289651	0.928557089	0.152362013	4.722838341	5.982454006	2.938431776	32.9652875	2.237584783	0.594729179	0.24473308	0.441468679	0.3392344	0.004240114	0.28968635	2.035523106	0	321.335724	209.5864263	463.6322213	123.5751032
2023-10	47.84437329	0.84234628	10.63370946	21.9082059	2.706449638	2.37288136	8.757600453	10.24872758	8.585688502	5.765502469	8.828402641	1.345980913	1.968043235	7.343318983	11.68912011	5.882885242	0	-0.003287715	0.899824147	0.243386407	5.276079043	5.830209318	4.326624113	37.50371503	3.136710214	1.369933206	0.275187716	0.44457441	0.302449385	0.003334589	0.25829124	2.300127288	0	427.0473504	223.5085533	473.5748122	137.3899234
2023-11	47.1987009	0.751654694	10.04440498	21.66679487	2.504259996	2.897437958	8.8008684	9.67033935	8.567945677	5.687459849	8.071970896	1.349014404	1.977126985	7.511291747	10.93074208	5.389265269	0	-0.004120218	0.855968015	0.240440633	4.868474094	5.456584913	4.809464734	37.97822551	3.083188897	1.400218167	0.297093134	0.43847808	0.263293885	0.002452924	0.224869817	2.552268505	0	504.4868671	224.2082965	474.3716477	141.235463
2023-12	46.55362174	0.654999173	10.37314286	21.39618904	2.272204119	2.751590136	8.383792184	9.476383155	8.40061822	5.643472293	7.629742907	1.244764257	1.965759821	7.132241399	10.029587	5.037221988	0	-0.004787066	0.799378137	0.232980624	4.404260158	5.651191251	5.067831998	38.50572043	3.073355935	1.399470267	0.310866147	0.424221822	0.222788057	0.001610367	0.19029314	2.588150232	0	606.4726949	220.9938994	480.8813667	148.1517394
2024-01	50.68197806	1.05490922	12.82154409	24.32472002	2.117909747	3.465295294	9.280747746	10.93229492	8.182011145	6.551014047	8.459142859	1.326043841	2.436214176	6.968451258	9.2179557	6.059638595	0	-0.005291488	0.832459684	0.221607004	4.498382413	6.373313129	5.879005895	43.91035145	3.02303915	1.670807753	0.317044537	0.402906752	0.18187705	0.000819859	0.155368268	2.98868078	0	648.230486	221.6810641	473.7024865	144.9533534
2024-02	49.02385918	1.293730079	13.94867431	24.2339035	1.856686617	3.618324031	9.522392797	10.6839696	7.721624554	6.396781345	8.276419958	1.212674589	2.530898812	6.561671106	8.143128411	5.77862077	0	-0.005639639	0.765583882	0.206938605	4.413124794	5.855756557	6.391482285	43.09631234	3.33729326	1.641595335	0.316264196	0.375665055	0.141419603	9.20E-05	0.820828518	2.889384659	0	701.2678882	222.625891	469.7274446	142.1757389
2024-03	50.39107501	1.34279425	14.06411803	24.08749056	1.684452068	3.443683413	9.029425487	10.24679743	7.312844131	6.670036286	7.866440949	1.08638877	2.405497009	6.104335547	7.812921283	6.050132312	0.1	-0.005840181	0.890083983	0.189598275	3.928130441	5.972840511	6.56488139	41.80175089	3.453376094	1.782472252	0.309236606	0.343634226	0.102179509	-0.000564905	0.843326172	2.742230456	0	796.4561925	227.6037174	477.995358	142.2723711
2024-04	51.03374776	1.480096119	13.76673501	23.11396911	1.515751932	3.317633188	8.545166399	9.528406525	7.878684868	6.222565007	7.620131021	0.951003758	2.244525445	5.810646833	7.419476442	5.833490054	0.108	-0.005903865	0.824332394	0.170200012	3.413072914	5.59875926	6.269642957	40.18061057	3.248783123	1.713612032	0.296727042	0.307933796	0.064819834	-0.001144826	0.846707537	3.254947064	0	918.4965424	225.9716868	488.3565729	148.2138927
2024-05	54.87147827	3.314065878	13.4437556	23.37552041	1.553606772	3.657835323	9.698429891	9.33128658	7.710367834	6.095389556	7.766049466	1.010137172	2.75476053	5.710114053	9.256986556	6.48184222	0.11304	0.194156896	0.748669316	0.149337575	3.081259682	5.190110948	6.178535509	42.59797207	3.499673786	1.617365593	0.279533894	0.269644732	0.02989973	-0.001643858	1.132816616	3.291293071	0	1069.522927	232.8834256	503.7545348	155.5569842
2024-06	53.66800617	3.878357345	12.52419901	23.72340618	1.316603992	3.510860537	9.142398436	8.827252898	7.424675147	5.539023859	7.742055077	0.983154501	2.898876895	5.125432271	8.405605928	6.275722325	0.3153152	0.410328443	0.665599159	0.12757463	2.66100258	4.858525249	6.132968094	41.96163798	3.355481908	1.598396487	0.258469383	0.229791681	-0.002126358	0.097939891	1.527658454	3.098178615	0	1289.456214	235.0663219	513.7376098	161.4746269
2024-07	54.41152116	4.308652517	12.3861141	24.66203525	1.57696941	3.728366019	9.799122158	8.497077526	7.619058225	6.427514254	7.425619025	0.859207007	3.030604085	4.716710021	8.471251244	6.224699973	0.431056576	0.436676267	0.677524035	0.105436487	3.549551136	4.222927614	6.04929806	39.24970454	3.178599579	1.469356361	0.234341935	0.189328101	-0.030907311	0.105606467	1.632462939	3.862412032	0	1473.387048	238.9496022	532.7876252	165.5910128
2024-08	51.95245422	4.289745122	11.83411541	23.83356071	1.379758898	3.549553633	9.494191064	7.669978141	7.041621831	6.698605325	6.892314198	0.730470123	2.848546475	4.614525796	8.360907004	5.754285857	0.446602683	0.451655783	0.594705943	0.183403428	3.158253813	3.766431191	5.833009067	36.84397035	3.775833491	1.623833121	0.207940394	0.149124317	-0.056192022	0.110394256	1.614137717	3.672973868	0	1714.277058	237.2855624	543.0168865	174.7839399
2024-09	50.54024489	4.286933564	11.14063427	22.2712624	1.274674259	3.337631413	8.629869259	6.612189131	6.32109664	6.368615182	6.93449357	0.599997524	2.827723697	4.350269478	7.454379047	5.335827435	0.451662125	0.456104231	0.508275541	0.169905607	2.742921147	3.620255786	5.381688793	32.98193018	3.517827343	1.490385542	0.180020199	0.109958425	-0.077824421	0.112495381	1.565362263	3.529020042	0	2025.552525	236.2822153	554.3028839	182.5618954
2024-10	50.2784516	4.618664491	11.61368856	23.05976868	1.274604599	3.100148786	8.779382249	5.92793524	6.066202035	6.38425175	6.613765133	0.870572235	3.192428722	4.005433402	7.289416305	4.792498307	0.447182381	0.450985751	0.420322669	0.154359456	2.414263324	3.816292806	5.38786677	34.72645542	4.015265262	1.440475011	0.251291619	0.072509953	-0.095737092	0.212136486	1.490157108	3.248881198	0	2251.049396	235.1535587	554.9142239	190.6308175
2024-11	46.31726861	4.424849035	12.36716365	25.84822896	1.089049813	3.044411446	8.458356295	5.573548034	5.93547285	5.790639626	5.892834237	0.77667803	2.97681467	3.874972265	6.355161512	4.527652126	0.434206964	0.437359403	0.33275863	0.137280731	1.990186018	3.976400268	5.305669614	34.94199902	3.742654084	1.286746032	0.230410065	0.03735613	-0.109943754	0.21757075	1.392669328	3.531778614	0	2394.175591	233.5946965	560.8461455	193.320231
2024-12	48.46585854	4.161918144	12.69794796	25.26087863	1.00026951	2.993359612	8.42026581	5.083128587	5.339107127	5.540575922	6.046139746	0.776639685	2.72322573	3.680057797	6.587228967	4.27873752	0.513844949	0.416348502	0.247295823	0.219164264	1.568712721	4.480968978	5.025578781	34.99714829	3.722450943	1.222655031	0.207008465	0.104970567	-0.120530875	0.218110173	1.277076938	3.335750717	0	2509.645655	225.6598266	551.167952	191.8142986
2025-01	54.35027231	3.842041979	13.94169488	27.02704576	0.920361846	3.147545768	8.897579058	5.740088513	6.035595833	5.48470707	6.563191909	1.581072381	3.04053117	4.011033619	5.704345098	4.749139624	0.595242236	0.389111721	0.16543338	0.208476158	1.4580125	4.345461438	4.432985456	36.64683966	3.789819096	1.060520029	0.181806855	0.083724148	-0.127648666	0.214233451	1.147502249	3.012610595	0	2515.0158	218.0252472	533.1142188	185.5026734
2025-02	54.85923925	3.477312591	14.06223321	27.07605526	0.950037712	3.423362394	8.3292094	5.536550676	5.941723752	4.944730962	6.557275018	1.853440359	2.885295442	3.608691187	5.295662713	4.597518726	0.67659495	0.356816384	0.188448513	0.194687339	1.089222051	4.196595423	4.010991755	34.4986251	3.754654053	0.893388126	0.15548927	0.062927888	-0.131501705	0.206459731	1.207934984	2.961532273	0	2533.288614	213.7136208	518.9435745	177.4521573
2025-03	56.14012472	3.57950989	14.52947304	26.81864271	0.797745237	3.223130109	7.511092519	4.76263561	6.658404404	5.779857845	6.260804315	1.821502733	2.607877378	3.494409175	4.721935313	4.449109542	0.656280494	0.320614252	0.125393163	0.178383656	0.835526205	4.738684101	3.890977588	33.1752595	3.707912432	0.725101652	0.128693658	0.142952697	-0.132339406	0.195334189	1.078165746	2.716331138	0	2663.988374	215.7188846	518.5711232	177.5976496
2025-04	54.07011914	3.199897262	14.87939943	26.05059856	0.744727105	3.09845845	7.044565477	4.770859337	6.350248903	5.415874883	6.148764597	1.756328814	2.306043573	3.20166718	4.471141946	4.506559087	0.624871874	0.281620049	0.066135485	0.260142668	0.710489421	4.631790229	3.705145286	32.22072526	5.151686725	0.559141792	0.102003733	0.132115971	-0.130446548	0.181414518	0.939810116	2.361323494	0	2799.858391	224.0092443	535.6044945	181.5566397
2025-05	53.16571174	3.194247951	14.59674519	24.85834685	1.402116244	3.064284789	6.783799829	4.642843506	6.105903973	5.21997272	5.744953558	1.662545711	1.988272277	3.414166041	4.876005078	4.088132495	0.584106678	0.240892865	0.011480865	0.248522925	0.423746526	4.80294994	3.643793309	33.79722995	5.008049854	0.498595082	0.075942727	0.119720598	0.073865954	0.165258523	0.796493847	2.094590144	0	3093.364239	233.0103832	546.8424388	188.928598
2025-06	52.62843085	3.405278612	14.73042147	27.24815338	1.825724144	3.232242797	7.553434749	4.654772387	6.543875458	5.119261318	6.226624552	1.944890004	2.162512665	3.477131695	8.782861794	3.749785912	1.435735868	0.199420543	-0.037937911	0.233094698	0.35720299	5.380934681	3.915700663	37.42013956	5.798615674	0.454131141	0.050968966	0.10617035	0.196269888	0.147412957	0.651579328	1.832638326	0	3305.412217	236.6112005	571.1197399	192.5447886
2025-07	52.03230943	3.047100634	14.1361217	29.25401618	1.870456772	3.318760149	7.235037482	4.612412933	6.127172284	5.026235831	6.875595956	1.840102068	1.876078761	4.06425815	8.443375603	3.710278269	1.553487421	0.158107041	-0.08165605	0.2145474	0.130169748	5.993502254	3.742103269	36.67235543	5.914152597	0.325030972	0.027473203	0.09185172	0.22250803	0.128403689	0.808124675	1.580228924	0	3721.147152	244.2597121	596.4269161	204.5684642
2025-08	53.19515396	3.063798442	14.55852946	28.85421238	1.793307001	3.910250563	7.403779192	5.202041165	6.869595983	5.741988175	8.1821583	2.108990884	1.980766672	4.311386796	8.968970519	4.300515826	1.548394071	0.417762749	-0.119369255	0.193563884	0.023236435	6.124943025	3.571023549	36.7659026	5.879852777	0.2023402	0.105777551	0.077127919	0.341672197	0.108727273	0.692852993	1.341455883	0	3944.705651	241.6181782	612.9948364	207.8184031
2025-09	52.67781096	2.6975505	14.70752586	30.39730472	1.688006067	4.344386924	7.807571148	6.168665751	6.880385392	5.531325522	8.974421244	1.988811001	1.815370459	4.267574842	9.362626533	4.36571931	1.612842175	0.403097631	-0.150923754	0.170807441	-0.153468275	6.620740858	3.405631329	36.814777	6.191385883	0.487871701	0.094135914	0.062333939	0.362086504	0.088843954	0.57525142	1.619731029	0	4136.034188	240.6684342	625.5860679	212.44698
2025-10	51.19864604	2.413976343	16.04747211	35.07814172	2.159475105	4.68822191	8.554832485	7.215254563	7.272488152	5.391102623	11.06796947	2.040872886	1.650206457	4.902792587	9.609664415	4.837088059	1.758588624	0.381837073	-0.176304328	0.146910494	-0.309433149	7.014544091	3.848665705	42.92246842	5.987937961	0.515092618	0.081775722	0.047772679	0.37321765	0.069172088	0.457904975	2.75778404	0	4336.689186	242.1602959	632.2864549	215.5037596
2025-11	49.20342469	2.330480074	14.97247428	35.00933219	2.060607738	4.72390896	8.156271038	6.912879403	7.479930873	5.737079962	12.15080348	2.086911125	1.388554727	4.876432705	8.999805221	5.344578173	1.894588656	0.755065829	-0.095620759	0.122465032	0.756387128	7.488676119	3.75042333	42.88094133	5.625076071	0.449289591	0.269016035	0.033712091	0.375771328	0.050083966	0.643135076	2.706876068	0.4	4682.964902	246.8997656	636.7110741	219.644786
2025-12	48.00365698	1.968723831	14.64552676	36.26721697	2.530414952	4.921549126	8.094440316	7.02248417	7.477030704	5.413717968	12.68233802	2.026607317	1.225297075	5.515180157	9.970935841	5.474427711	1.919096912	0.755870392	0.29890687	0.098014816	2.240497634	8.345621421	3.746996725	43.88594812	5.30599885	0.481081075	0.272151996	0.02038332	0.370554212	0.031902978	0.556979465	2.526921373	0.432	4926.733747	240.6472929	639.7790099	225.9988141